0
1
8.0024021
53.3260231
90
8
1
1
7.7769155
53.0649288
70
7
2
1
8.1149078
53.1309722
51
8
3
1
8.0533605
53.1385717
10
8
4
1
7.8895684
52.8309808
11
4
5
1
7.7496531
52.8235575
49
5
6
1
7.6816238
52.9833086
76
8
7
1
8.3263718
53.2844183
97
8
8
1
8.2725339
53.3128251
7
6
9
1
7.7507706
53.0818826
94
8
10
1
8.1178023
53.0173462
22
4
11
1
7.4482618
53.1803832
49
6
12
1
8.3633963
53.3619365
45
6
13
1
7.8052914
53.1000294
71
8
14
1
7.8592679
52.8636858
88
4
15
1
7.7737329
52.9697305
3
6
16
1
7.9410472
53.0136613
12
6
17
1
7.7931596
53.1181354
94
4
18
1
8.0793779
53.2525624
78
7
19
1
8.0074479
53.2681798
87
4
20
1
7.6261786
52.8710252
22
8
21
1
7.6108729
52.9067667
32
7
22
1
8.3332841
53.2733413
56
4
23
1
8.2875487
53.2381064
58
6
24
1
7.9150011
52.9301834
57
7
25
2
8.1411036
52.9127813
75
4
26
2
8.3775471
52.8333341
22
5
27
2
8.4575973
53.1379599
7
5
28
2
7.7077878
53.191426
85
6
29
2
8.0995255
53.1610479
7
7
30
2
7.9238239
53.1278802
4
6
31
2
7.6499936
53.2096479
5
6
32
2
7.7553394
53.0955437
82
5
33
2
7.6240983
53.258275
93
5
34
2
8.2129528
52.7816969
4
8
35
2
8.3506484
53.2294622
1
7
36
2
8.2686402
53.3474566
13
6
37
2
8.269648
53.3432033
16
8
38
2
7.8490167
53.2008349
68
8
39
2
8.4471143
52.8358766
25
4
40
2
8.0312028
52.7852118
20
5
41
2
7.6381397
52.8554306
40
5
42
2
8.097977
53.2181443
45
4
43
2
8.3140849
53.3864959
9
8
44
2
8.3189408
53.1855549
18
8
45
2
8.1416486
52.89731
84
7
46
2
7.6036635
53.1385581
45
7
47
2
8.3244923
52.7924108
93
4
48
2
7.9230344
52.9133576
30
4
49
2
7.9409147
53.0146587
39
7
50
3
7.8891909
53.114909
77
4
51
3
8.0464986
53.2734989
76
8
52
3
7.5069196
52.8960643
90
4
53
3
8.1721008
53.3790598
64
6
54
3
7.591503
53.2841932
72
8
55
3
7.7732176
53.3717911
32
4
56
3
8.1335503
52.8511682
67
4
57
3
8.1224147
53.0082614
26
5
58
3
8.1147173
52.8604665
79
6
59
3
7.4940897
52.8513118
50
8
60
3
8.0649141
53.3489392
56
7
61
3
8.2173709
53.2635634
55
6
62
3
8.159497
53.1717636
47
6
63
3
7.7613713
52.9753344
49
6
64
3
7.6119462
53.2481406
43
7
65
3
8.31177
53.1612951
69
6
66
3
7.7605007
53.1080704
53
5
67
3
8.341268
52.8459993
26
6
68
3
7.9770205
53.3736828
87
5
69
3
7.7452118
53.1683733
81
5
70
3
8.1696683
53.3311835
80
7
71
3
7.8699755
52.8992036
11
7
72
3
7.4361577
52.9578988
66
7
73
3
8.104137
53.0349747
58
5
74
3
7.466736
52.9838204
8
8
75
4
8.1081292
53.2022693
73
5
76
4
7.7199273
53.338563
6
6
77
4
7.9372972
52.9328069
54
5
78
4
7.6940552
52.901098
79
6
79
4
8.1831043
53.3880385
76
8
80
4
7.8830366
52.9438073
49
5
81
4
7.6916026
52.9494927
16
8
82
4
7.749854
52.9249496
62
4
83
4
7.7374598
52.843326
94
5
84
4
7.6597886
53.1053355
58
5
85
4
7.4781502
52.8022801
39
5
86
4
8.1616775
53.2869322
81
8
87
4
8.3217598
52.823247
11
8
88
4
8.3191264
53.1455787
93
4
89
4
7.8719944
52.9149893
6
6
90
4
8.2082047
52.7858552
71
8
91
4
7.4775823
52.9352746
25
7
92
4
7.7256749
53.0043659
19
4
93
4
8.0865567
53.0348618
49
5
94
4
7.999266
52.9029918
91
5
95
4
7.5755789
53.0267419
17
5
96
4
7.5292606
53.3791395
82
4
97
4
8.3952253
53.0280124
63
8
98
4
8.0169476
53.1062836
88
4
99
4
7.5939163
53.3237921
66
5
100
5
8.3316662
52.8454495
10
6
101
5
7.5083661
53.2758154
39
8
102
5
7.5661809
52.944656
49
6
103
5
7.9599003
52.8197833
73
7
104
5
7.6151283
53.2123319
67
5
105
5
7.755747
52.917339
10
5
106
5
7.8022218
53.2196058
17
5
107
5
7.8630695
52.9205099
85
8
108
5
8.2321842
53.3178983
62
8
109
5
7.6310667
53.0757346
16
8
110
5
7.5951595
53.2775971
3
4
111
5
8.0875161
52.9514355
78
4
112
5
8.0738894
52.8090284
97
5
113
5
8.0081151
52.8777327
26
7
114
5
7.7263774
53.2329809
88
8
115
5
8.1076438
53.0103164
27
6
116
5
8.1572291
53.2574533
12
5
117
5
7.8915507
53.3413034
69
7
118
5
7.488395
52.8212679
50
6
119
5
7.8382531
53.1146902
62
6
120
5
8.3072629
53.2285185
35
7
121
5
8.0327539
53.386769
75
6
122
5
7.5155509
52.9189209
78
7
123
5
7.8697157
52.9290954
96
6
124
5
8.0758481
53.3457136
83
7
125
6
8.0667962
53.2382247
34
7
126
6
8.110966
53.2288178
52
4
127
6
8.4232383
53.1090186
54
5
128
6
7.588791
52.8659217
48
8
129
6
7.8253012
53.2578859
97
6
130
6
7.9713135
53.1726607
72
6
131
6
8.3825267
52.8926733
38
7
132
6
8.4376172
53.2907636
83
5
133
6
8.052342
53.0820088
67
8
134
6
7.799132
53.1007333
30
6
135
6
7.6246692
52.8802774
94
7
136
6
7.5042117
53.0502168
43
4
137
6
8.3222467
52.9798947
53
5
138
6
8.4577632
53.2363144
22
7
139
6
8.4561556
52.8314183
18
4
140
6
7.504574
53.1140724
61
8
141
6
8.4344118
53.3090472
50
6
142
6
7.5326801
53.0166084
2
5
143
6
8.3495339
52.8049575
26
8
144
6
8.1411842
52.9371309
13
6
145
6
8.0258108
53.3303401
19
4
146
6
7.9714075
53.0895297
46
6
147
6
8.2431884
52.9104213
7
6
148
6
8.0624635
53.0619004
96
7
149
6
8.4576098
52.7808368
83
5
