0
1
7.8218036
52.9997866
69
6
1
1
7.5350677
52.9033429
65
7
2
1
8.2040102
53.2128496
23
4
3
1
8.328869
53.3426788
36
4
4
1
7.6132941
53.3015968
35
8
5
2
7.5157912
53.3799214
22
6
6
2
8.2222262
53.2715725
85
4
7
2
8.4469435
53.1160761
70
5
8
2
7.7173001
53.2166175
80
5
9
2
8.3329534
52.8854006
92
4
10
3
7.8256216
53.0282676
19
6
11
3
8.0658984
53.3111618
93
8
12
3
7.4651152
53.2608244
19
5
13
3
8.3646717
53.1151358
78
7
14
3
8.1346858
53.2997855
9
8
15
4
8.2547295
53.083536
70
4
16
4
8.3389913
53.1973053
29
5
17
4
8.2888447
53.0415941
55
5
18
4
8.0636063
52.84219
34
7
19
4
7.6971125
53.1712791
35
7
20
5
8.430383
53.1506428
9
6
21
5
8.1613274
52.7895045
74
6
22
5
7.579789
53.3278108
38
7
23
5
8.134976
53.3514954
18
6
24
5
7.518206
53.1997501
22
8
25
6
7.8047238
53.1552978
63
5
26
6
7.7666138
52.8509678
11
6
27
6
7.5655184
53.0443615
55
8
28
6
7.6345266
52.9486725
52
8
29
6
7.5651917
52.8912118
19
5
