0
1
7.7205885
53.3502313
95
1
1
1
8.1958966
53.3094302
31
3
2
1
7.9421709
53.1327146
68
2
3
1
7.9016228
53.2667566
83
4
4
1
7.49713
53.3668296
77
8
5
2
8.2823452
52.9126502
75
8
6
2
7.6584904
52.9002543
85
2
7
2
7.5791793
53.2004523
23
3
8
2
8.2264216
52.9594094
55
5
9
2
8.081817
52.9954583
86
6
10
3
7.707936
53.0884534
27
7
11
3
8.3336286
52.8618071
78
8
12
3
8.3016304
53.1376166
51
3
13
3
8.3139613
53.0707522
70
1
14
3
7.701423
52.8864407
11
6
15
4
7.7338104
52.8916308
30
4
16
4
7.6220065
53.2683331
24
8
17
4
8.0875562
52.9693844
10
8
18
4
8.3367445
53.3609621
6
1
19
4
8.2903384
53.0552453
42
4
20
5
7.7961897
53.2145338
93
5
21
5
8.2037635
52.9703418
100
7
22
5
7.4708656
53.3465283
84
8
23
5
8.3509488
52.9061586
8
8
24
5
7.6367543
53.3746043
87
2
25
6
7.6085342
53.3349494
51
5
26
6
7.568373
52.899178
66
6
27
6
7.4597297
53.0590921
55
7
28
6
7.5630714
52.9858543
7
8
29
6
7.6355102
53.0433364
99
8