0
1
7.8155143
52.8364146
99
8
1
1
7.7500941
52.8447348
26
1
2
1
7.9600703
53.1711265
93
3
3
1
7.8871119
53.233063
63
8
4
1
8.3807092
52.9157364
58
8
5
1
7.6248228
53.3531521
24
1
6
1
7.7514499
53.1675583
60
1
7
1
7.7716268
53.0046945
72
3
8
1
7.4866761
53.0193771
85
8
9
1
7.9474237
53.195727
91
8
10
1
8.0747787
53.1232739
95
1
11
1
8.3506753
53.0935364
95
2
12
1
7.8622844
53.3600458
64
8
13
1
7.6026001
52.8081056
26
8
14
1
8.4195745
53.1726747
39
1
15
1
8.0353367
53.1527858
52
2
16
1
7.5850546
53.3333804
33
8
17
1
8.1279355
53.2389955
44
2
18
1
7.9791082
53.3756691
46
8
19
1
7.5278771
53.0246914
79
2
20
1
7.9950688
53.2276754
98
2
21
1
8.3917122
53.0224099
43
8
22
1
8.3238669
53.3004835
73
2
23
1
7.821075
52.913256
36
1
24
1
7.6700506
53.3724737
28
2
25
2
8.2569358
53.3695858
92
1
26
2
7.8426726
53.1193523
9
8
27
2
8.2344188
52.851018
51
8
28
2
7.9453102
52.822467
31
1
29
2
7.7070698
52.9379333
14
8
30
2
7.9196805
53.134007
64
1
31
2
7.4897799
52.9442257
99
2
32
2
7.8292437
52.8927346
4
8
33
2
7.7257906
52.8630121
22
2
34
2
7.5494155
52.9917015
27
8
35
2
7.5252661
52.9172215
62
2
36
2
8.1723439
52.8984696
73
8
37
2
8.4261715
53.0030544
56
8
38
2
7.8933972
53.1402116
20
3
39
2
8.3445478
52.9610068
53
3
40
2
7.4560884
52.9017991
20
1
41
2
7.9520473
52.990978
88
3
42
2
7.5537492
53.2383138
21
3
43
2
7.911467
53.3416308
83
8
44
2
8.4007656
52.803588
63
3
45
2
7.7269038
53.3537907
43
1
46
2
7.8100139
52.9995816
80
8
47
2
7.586898
53.0336676
71
8
48
2
7.6969973
53.3120079
97
2
49
2
7.8055928
52.9904896
60
8
50
3
8.4029778
52.9744833
83
3
51
3
8.2882711
53.0593013
40
3
52
3
8.1510956
53.0378007
72
1
53
3
7.9513731
53.1906997
49
2
54
3
8.1570757
53.3406029
17
1
55
3
8.4108119
53.2818883
65
3
56
3
7.5661806
52.8176532
4
2
57
3
8.0131502
52.8794421
6
1
58
3
7.5216075
52.9798424
61
3
59
3
7.5928513
53.0940184
65
1
60
3
8.2126891
53.0674262
40
1
61
3
8.102799
53.1650907
56
3
62
3
8.1403125
53.0694851
12
8
63
3
8.0748884
53.0854853
57
8
64
3
7.7418251
53.3631006
19
8
65
3
7.8950372
53.2428444
32
1
66
3
8.1061233
53.1503535
91
8
67
3
7.84243
53.0728141
79
3
68
3
8.1812396
53.0629544
7
8
69
3
8.4203312
53.1986639
75
8
70
3
7.6930142
53.1151626
16
3
71
3
8.1249135
53.0955057
28
8
72
3
7.7433554
53.3286096
18
8
73
3
7.5219354
53.0615755
85
2
74
3
8.1665295
52.8667865
40
8
75
4
7.440073
52.9233781
57
8
76
4
8.450731
53.3846746
4
8
77
4
8.1746699
53.2956322
91
8
78
4
7.7503043
53.3261292
46
2
79
4
7.8770027
52.8570424
65
2
80
4
7.7760083
52.7828169
68
3
81
4
8.2356954
53.3528986
88
1
82
4
8.312256
53.2236434
78
3
83
4
7.5927444
53.1790813
23
8
84
4
7.5024119
53.3883597
80
8
85
4
7.8209566
53.118698
48
3
86
4
8.3507463
53.1884761
56
8
87
4
7.8509004
53.1229898
35
8
88
4
8.385671
52.99966
52
8
89
4
8.2910449
53.2208018
3
2
90
4
7.9658685
53.2323812
88
2
91
4
8.2341186
53.1783131
48
8
92
4
8.2673365
53.0223499
53
3
93
4
7.9478491
53.1180298
51
3
94
4
7.9375932
53.1227982
91
3
95
4
8.1671009
53.1422929
21
3
96
4
7.8939285
53.2731099
39
3
97
4
8.3540952
52.8446411
64
3
98
4
7.5169433
52.9972182
8
8
99
4
7.801883
53.142455
89
1
100
5
7.6050668
52.9737901
24
3
101
5
7.827157
53.2077256
76
8
102
5
8.4013696
53.1483226
79
1
103
5
7.5145799
53.3348051
17
8
104
5
7.7691001
52.8295298
20
2
105
5
8.4566206
53.0892317
30
8
106
5
8.3206537
53.0927026
49
8
107
5
7.8096833
53.0728614
45
1
108
5
7.83527
52.9526375
83
8
109
5
7.6770044
53.1440013
98
1
110
5
8.4240997
53.3185251
41
8
111
5
7.8149083
53.0278144
77
1
112
5
7.716562
52.9966125
2
8
113
5
8.2758649
53.3634234
47
8
114
5
7.4743137
52.8890956
44
2
115
5
8.3297993
52.7923832
44
3
116
5
8.3883208
52.9026439
14
8
117
5
8.0284602
53.20509
49
8
118
5
7.5123114
53.1793459
95
2
119
5
8.0470949
53.060303
12
2
120
5
8.1343919
53.0140227
68
3
121
5
7.488548
53.249968
94
8
122
5
8.3931112
53.0243068
83
8
123
5
7.8650054
52.8051555
46
2
124
5
7.5068068
52.8875672
5
2
125
6
7.6195457
53.0461206
4
2
126
6
7.4497733
52.8967065
64
8
127
6
7.5178004
52.902569
64
2
128
6
7.5393895
53.0169083
77
1
129
6
8.3474088
52.7823342
41
8
130
6
8.3151345
53.1697028
24
8
131
6
8.2504852
52.8292916
25
2
132
6
8.0945072
53.1181009
45
8
133
6
7.5843844
53.0068019
22
8
134
6
8.0576113
53.1040651
46
2
135
6
7.784873
52.9599136
41
1
136
6
7.6855089
53.056148
47
8
137
6
8.0560319
53.1816794
98
1
138
6
8.2385219
53.3895465
33
1
139
6
7.4428976
52.9539995
71
8
140
6
7.8128143
53.1748735
58
2
141
6
7.6941375
53.2997786
66
1
142
6
7.8393307
52.9961146
7
3
143
6
8.2063897
53.0624125
58
2
144
6
7.4609896
52.8864583
30
1
145
6
8.150677
52.7972188
53
8
146
6
8.2756379
53.2277952
93
3
147
6
7.94338
53.0550335
39
8
148
6
8.0239584
53.2775101
74
1
149
6
7.538033
53.0007903
35
3
