0
1
8.2540445
52.7886253
57
8
1
1
8.0580658
52.8396208
73
1
2
1
7.4576256
52.9302823
95
1
3
1
8.2170313
53.0711216
39
2
4
1
7.807098
53.1784304
25
3
5
1
8.4202507
52.9069735
2
2
6
1
7.6882224
52.7912219
91
8
7
1
8.3403246
52.7993157
50
8
8
1
8.1499734
53.3705895
6
1
9
1
8.3758986
52.980834
11
3
10
1
7.7022586
52.7822201
86
8
11
1
8.1755583
53.2502971
69
2
12
1
8.276425
52.7983673
95
3
13
1
7.9059053
53.3810337
61
2
14
1
7.956425
53.1590094
55
3
15
1
7.7198507
53.0069334
29
8
16
1
7.5272711
52.8162274
62
1
17
1
7.5297476
53.3738727
98
3
18
1
8.1489847
53.1480707
65
3
19
1
7.6731742
52.7915962
49
2
20
1
7.4576375
53.136458
92
3
21
1
7.9209767
53.0606014
75
1
22
1
7.7049217
52.8676706
81
3
23
1
7.7216956
53.333191
60
8
24
1
8.1267829
52.9900522
85
1
25
1
7.85758
52.9698569
76
1
26
1
7.5627559
53.3282295
79
3
27
1
7.5190982
53.3345718
29
8
28
1
8.4372589
53.0820854
98
8
29
1
8.2057031
52.8177936
6
1
30
1
8.4285678
53.0342877
84
8
31
1
7.880097
53.1778385
55
8
32
1
7.891868
53.3309855
67
2
33
1
7.8912574
52.9285292
70
8
34
1
7.8614329
53.074542
54
8
35
1
7.6620281
53.0291732
90
3
36
1
8.1281505
53.0933185
54
1
37
1
7.4659955
53.0425635
34
3
38
1
7.8709859
53.3372826
9
2
39
1
7.4838526
52.9153949
46
3
40
1
7.7071826
53.378999
47
1
41
1
8.1764496
52.9070419
93
8
42
1
8.213478
52.9858852
52
3
43
1
7.6402522
53.3003527
45
2
44
1
7.5750323
53.013456
58
8
45
1
7.9405225
53.0960881
57
8
46
1
7.9192832
52.9558196
91
3
47
1
7.9455037
53.2828761
30
2
48
1
8.2063833
52.9764339
65
1
49
1
7.9132334
53.2977849
99
8
50
1
7.9719817
53.0643347
84
3
51
1
8.4114985
53.3531475
49
2
52
1
7.7731566
53.1726077
66
1
53
1
8.4041956
53.0013481
52
8
54
1
7.9354358
53.280544
29
1
55
1
7.852245
53.0575143
61
1
56
1
7.7257074
52.9605207
34
3
57
1
8.0934976
52.8144901
17
2
58
1
8.154453
53.3843317
37
3
59
1
8.0113533
53.048205
70
8
60
1
8.1032712
53.222252
80
2
61
1
7.5772866
52.8422534
67
2
62
1
8.011012
52.8480839
5
8
63
1
7.9763815
53.2811307
26
2
64
1
7.7300869
52.8599934
71
1
65
1
8.2472903
52.7943666
89
1
66
1
7.5292943
53.0722387
42
3
67
1
8.3980443
52.8840188
48
2
68
1
7.7799468
53.2162794
11
2
69
1
8.2713605
53.066784
43
1
70
1
8.0324482
53.0190743
98
3
71
1
8.226145
52.8839015
17
8
72
1
7.6142797
53.1036617
69
8
73
1
8.2373994
53.3701757
11
8
74
1
8.4511801
53.0331721
81
8
75
1
7.5008863
52.8797387
35
2
76
1
8.0201505
53.1371588
14
8
77
1
7.5097624
53.3234479
9
8
78
1
8.1823126
53.1305535
11
8
79
1
7.8131623
52.9543169
79
8
80
1
7.6058117
53.0194215
33
8
81
1
7.4706158
52.8487378
65
2
82
1
8.3256295
53.1424191
34
8
83
1
8.0251137
53.3387929
55
3
84
1
7.6324941
53.0647773
8
1
85
1
8.2269532
52.9567646
25
1
86
1
7.5845484
52.8833702
99
1
87
1
7.8322473
53.2180691
28
2
88
1
7.8988485
53.2749334
1
8
89
1
8.4525317
53.1016344
43
8
90
1
8.3061088
52.9039289
2
1
91
1
8.0111155
53.2368623
26
2
92
1
8.199249
53.2294331
20
1
93
1
7.8881349
52.8348347
19
8
94
1
8.3092957
53.3016038
58
3
95
1
8.1413183
53.3481506
46
8
96
1
7.543495
52.933317
30
2
97
1
8.2598634
53.2821168
73
1
98
1
7.7610083
53.0467918
74
3
99
1
8.2912348
53.1624146
20
8
100
1
7.6759592
53.0596113
65
2
101
1
8.0862248
53.2184561
52
8
102
1
8.0044655
53.2379003
22
3
103
1
8.0852984
53.3442516
76
8
104
1
8.4019505
53.2433511
96
1
105
1
8.2455897
52.9303924
17
1
106
1
8.4071744
52.996456
3
3
107
1
7.6539239
52.7911921
60
8
108
1
8.2871099
53.0056096
12
8
109
1
8.0384775
53.1458346
32
2
110
1
7.6965228
52.8951713
50
8
111
1
8.197646
53.0836704
65
3
112
1
7.750823
53.0787322
49
1
113
1
7.7991675
53.185739
40
8
114
1
7.8194424
53.146167
61
1
115
1
7.9497275
52.9157233
41
1
116
1
8.2221653
53.0843884
19
8
117
1
7.5142952
52.8635389
79
8
118
1
8.385913
52.8146653
41
8
119
1
7.8748328
53.101892
71
3
120
1
7.8959914
53.205922
79
1
121
1
7.8504271
52.7890018
19
3
122
1
7.5948272
52.8366959
61
8
123
1
7.5292008
52.8903881
70
3
124
1
7.4544235
53.1777749
77
3
125
2
8.0767085
52.7991581
37
3
126
2
8.1998637
53.2488927
43
8
127
2
8.4073379
53.0693271
94
1
128
2
8.188489
53.3529231
88
3
129
2
7.8874287
53.0134249
88
8
130
2
7.8120504
52.9725713
50
3
131
2
8.4166358
53.3485341
28
8
132
2
7.5197495
52.8149657
3
1
133
2
7.4964848
53.0998639
19
1
134
2
7.8483191
53.2702584
46
8
135
2
7.7911411
52.807068
22
1
136
2
8.4029808
52.8877479
51
1
137
2
7.8285087
53.321543
86
8
138
2
8.3032504
53.0700119
53
1
139
2
8.1844166
53.1152017
50
2
140
2
7.9974164
53.3895013
4
8
141
2
8.318762
53.1688658
5
8
142
2
7.9391628
53.1925324
52
2
143
2
8.0759146
53.3721293
98
1
144
2
8.0628839
52.8085356
44
3
145
2
7.4645097
53.1310894
49
1
146
2
8.2801101
53.0918243
59
2
147
2
8.3627742
53.3224879
61
8
148
2
8.0422299
52.797454
42
8
149
2
7.7982127
53.1238116
63
2
150
2
8.4093098
53.3873387
86
8
151
2
8.0723195
52.9326835
52
3
152
2
8.2118301
53.0081074
39
3
153
2
8.4510443
52.8931281
81
3
154
2
7.6632373
52.7874202
57
3
155
2
7.7434806
52.9656137
65
8
156
2
7.7264609
52.7935683
95
2
157
2
7.8539514
53.2511741
42
1
158
2
7.6152036
53.2382265
34
8
159
2
8.152892
52.828615
81
2
160
2
7.567456
53.3231381
34
8
161
2
7.634737
52.8232786
11
1
162
2
8.3438718
52.9498436
60
3
163
2
7.8848532
53.0066104
53
2
164
2
7.9319209
53.1087751
7
8
165
2
7.9723469
52.9029276
90
3
166
2
7.9581206
53.2334332
2
2
167
2
7.4503214
53.3225526
70
8
168
2
8.0128208
52.8998716
31
1
169
2
8.2958041
52.8180179
57
8
170
2
7.9586134
52.9464351
78
8
171
2
7.6651611
53.1336084
49
8
172
2
8.1847735
53.1261882
60
2
173
2
7.4616566
52.8456826
74
1
174
2
8.0241167
53.367894
35
1
175
2
8.1879288
53.2804359
46
8
176
2
8.353368
53.3135675
36
1
177
2
7.8434766
52.8292945
12
3
178
2
7.9327811
53.163516
46
3
179
2
8.1441154
52.9866176
86
1
180
2
8.4268668
53.0646409
17
8
181
2
7.640758
53.219927
37
8
182
2
7.5385545
52.9097524
41
3
183
2
7.9126136
52.9987193
43
8
184
2
8.2320461
53.1817707
26
3
185
2
8.3681838
52.8363795
96
8
186
2
8.3142834
53.3446634
36
1
187
2
7.7225053
52.8971496
93
8
188
2
8.3162295
53.1722801
4
2
189
2
8.1988084
52.939542
30
1
190
2
8.127873
53.2515535
67
1
191
2
7.8188134
53.001844
41
3
192
2
7.4924346
52.8161875
65
8
193
2
7.4771687
53.1533422
89
3
194
2
8.3428201
53.0266726
20
2
195
2
8.169094
52.9156496
6
2
196
2
7.4614961
53.1694147
89
2
197
2
8.0853974
53.3237574
11
3
198
2
8.4508337
52.9266895
69
1
199
2
7.7116631
52.9508509
78
3
200
2
7.6175962
53.1186494
34
1
201
2
7.5635115
53.3409447
55
8
202
2
7.8656707
52.8356087
100
8
203
2
7.5977695
53.2068233
17
8
204
2
8.1208844
52.9453306
2
2
205
2
8.3474568
52.8325595
18
3
206
2
8.0734846
53.3866842
28
3
207
2
8.2139596
53.2452157
38
8
208
2
7.8286089
52.8305831
99
3
209
2
7.6471896
52.7943031
76
2
210
2
8.2881138
52.9638708
77
8
211
2
8.1059818
52.9541846
10
1
212
2
7.4527864
52.9500963
27
8
213
2
7.5054636
53.084305
26
8
214
2
8.3179871
53.2048727
86
2
215
2
8.2901419
53.3437028
42
8
216
2
7.6010885
53.0683179
42
1
217
2
7.7354853
53.0601985
69
2
218
2
7.9549123
53.3775921
26
8
219
2
7.9524454
52.9952183
39
8
220
2
7.4351691
53.0876684
85
8
221
2
7.8905273
53.2890427
12
2
222
2
8.4347162
52.8381418
19
2
223
2
7.4476705
52.8570205
33
2
224
2
8.0278628
53.1491472
22
1
225
2
7.4457414
52.8048632
48
1
226
2
8.0478479
52.9923233
19
2
227
2
7.5452599
53.0725577
73
8
228
2
8.1677483
53.1765157
78
2
229
2
8.3781644
53.0261237
51
3
230
2
8.4307116
52.9023057
52
3
231
2
7.7080814
53.11171
93
2
232
2
7.929042
53.167859
24
2
233
2
8.0415712
53.0303882
69
1
234
2
7.5540633
53.0741308
28
8
235
2
7.9850736
53.3273852
82
2
236
2
7.6092807
53.1828594
24
8
237
2
8.3466067
53.2758134
29
8
238
2
8.4387253
53.3886783
96
1
239
2
8.4287135
52.8634434
45
8
240
2
8.0105422
53.0553586
19
2
241
2
7.6398268
53.3079975
55
1
242
2
8.3548702
53.2076339
36
8
243
2
8.172897
53.3109536
95
3
244
2
7.8992592
52.9694835
60
3
245
2
8.0732164
53.1956727
18
8
246
2
8.1036891
52.7965461
80
2
247
2
7.838012
53.3210424
57
1
248
2
8.0199445
52.8600785
34
8
249
2
8.1646445
52.8429936
93
2
250
3
7.5796552
53.3894849
26
3
251
3
7.71785
53.3575159
54
8
252
3
8.0584731
52.8513451
91
8
253
3
7.7080826
52.8206214
46
3
254
3
7.9402202
53.1689594
81
8
255
3
8.1425123
53.3662615
2
8
256
3
8.1720843
52.9093217
60
8
257
3
7.4690485
53.3886052
72
8
258
3
7.5296891
52.9519466
16
1
259
3
8.3189666
53.2559669
68
2
260
3
8.3969939
53.130356
98
8
261
3
7.7918939
52.9731443
99
8
262
3
8.3358506
52.9332886
55
1
263
3
7.7208494
53.269439
40
8
264
3
8.3584969
53.3779121
59
8
265
3
7.6945405
52.7811065
73
2
266
3
7.9766935
52.9147785
86
2
267
3
7.9819336
53.3395726
92
8
268
3
7.5552278
53.3444666
26
3
269
3
8.3295635
53.2722444
7
3
270
3
7.9288275
53.3063754
90
3
271
3
7.6294126
52.8018328
32
3
272
3
7.520352
52.8131236
37
3
273
3
7.5855894
53.2269854
97
8
274
3
7.9918374
53.0677444
46
8
275
3
8.1204486
53.0066139
11
8
276
3
8.3164393
53.1552208
29
8
277
3
7.8571372
52.9065292
96
1
278
3
8.3341055
52.8389794
12
1
279
3
8.3082476
53.1887539
49
1
280
3
7.6626789
53.2538345
75
2
281
3
8.3916752
52.987576
82
8
282
3
8.0533988
53.3582401
80
8
283
3
8.168007
52.9225406
23
3
284
3
7.4403776
52.8527542
8
2
285
3
7.5625704
53.0596179
6
2
286
3
7.5743718
53.3209607
33
8
287
3
7.941756
53.0412916
10
1
288
3
8.0720211
53.006319
57
3
289
3
7.6220148
53.1049375
37
8
290
3
7.9468352
53.3596846
12
8
291
3
8.0315035
53.291597
38
8
292
3
8.0753575
52.7893927
93
8
293
3
7.8434281
53.2587655
43
3
294
3
8.025176
52.816724
48
3
295
3
8.2513673
53.1222684
19
2
296
3
7.8307584
53.0497295
47
1
297
3
7.5861768
52.9832248
33
2
298
3
8.0445931
53.3239046
38
2
299
3
8.2877215
53.3111121
26
8
300
3
8.2322107
52.7952328
52
1
301
3
7.8639733
53.1588363
64
8
302
3
8.4337465
53.3682093
25
8
303
3
7.6814133
52.9140893
37
8
304
3
7.5604591
53.2419354
55
3
305
3
7.9723907
52.8560098
46
1
306
3
8.2310697
52.8132398
49
1
307
3
8.0024119
53.3880923
41
8
308
3
8.2130411
52.9163802
10
3
309
3
8.2912687
53.0567688
69
3
310
3
8.0049169
53.0876504
66
8
311
3
7.4680009
53.3105857
18
1
312
3
8.0361531
52.9429357
71
3
313
3
8.1075062
53.1492852
74
8
314
3
7.7164133
52.9547252
22
2
315
3
8.4147781
53.1748613
45
3
316
3
7.6694247
53.0059974
21
3
317
3
7.499657
53.3013797
53
3
318
3
7.5237078
52.8607052
72
8
319
3
7.5351954
53.2118061
46
8
320
3
8.1226194
52.8398428
82
1
321
3
8.3974915
52.8586689
67
8
322
3
8.1949793
52.7949199
56
2
323
3
8.0018526
52.9641794
13
8
324
3
7.5470099
53.3109221
51
8
325
3
8.2690311
52.8884642
23
8
326
3
8.3323387
53.1788841
86
1
327
3
7.7033722
53.3145852
64
1
328
3
7.6098195
53.0588234
58
8
329
3
7.4866996
53.3458412
46
2
330
3
7.9636089
52.9397076
28
8
331
3
8.3596359
53.158904
82
8
332
3
8.1577013
53.1468571
41
1
333
3
7.6016459
53.2589484
9
1
334
3
7.6678988
53.0663086
52
1
335
3
7.6720425
53.2682397
49
1
336
3
8.2587899
53.3407772
10
2
337
3
8.4405787
53.2026213
82
1
338
3
7.6794631
53.1370723
96
2
339
3
7.9724313
52.9915079
10
2
340
3
7.5984281
53.2390027
74
3
341
3
7.7094836
53.0812743
81
8
342
3
7.5901647
52.9292808
40
8
343
3
8.0867562
53.3071786
27
8
344
3
8.4191251
52.8760483
82
3
345
3
8.1379084
53.1804825
59
3
346
3
8.261018
53.0147061
23
8
347
3
7.5071227
53.3010512
27
8
348
3
7.8262422
53.2719907
62
1
349
3
8.375015
53.3718234
84
2
350
3
8.0414241
53.1864322
69
8
351
3
7.837266
52.8339802
86
3
352
3
8.0482292
53.3181575
48
2
353
3
8.3675246
53.1425309
26
2
354
3
7.8657679
53.1835122
37
8
355
3
8.0974421
53.1113757
96
3
356
3
8.1896749
53.1952253
86
2
357
3
8.2962526
53.1501831
33
1
358
3
8.2476492
53.0747457
7
3
359
3
7.7649572
53.0582097
65
1
360
3
7.658256
52.9255103
62
1
361
3
7.9193029
53.0379791
77
2
362
3
8.324023
53.1772062
16
8
363
3
8.3980411
53.0484313
6
3
364
3
7.8803303
53.1606092
21
8
365
3
7.9722271
53.0327897
28
2
366
3
7.4449126
52.8526611
4
3
367
3
7.6837071
52.8205804
83
8
368
3
7.6291453
52.9258748
5
3
369
3
7.6198929
53.2997519
4
8
370
3
7.8360931
53.3566967
57
8
371
3
7.8519861
53.3401965
16
8
372
3
7.8040496
52.8228504
60
8
373
3
7.5816048
52.8253283
80
8
374
3
8.2997587
53.3188143
67
1
375
4
7.7646024
53.0320779
17
8
376
4
7.7215072
53.1137759
38
3
377
4
8.0453146
53.2456893
18
3
378
4
8.2600682
52.9883456
83
3
379
4
8.2743653
53.082174
3
3
380
4
7.8469509
53.3287625
2
3
381
4
8.329656
53.3313587
45
2
382
4
8.3021817
52.9820482
45
3
383
4
7.9459912
53.3036505
59
8
384
4
7.456557
53.3102138
6
3
385
4
8.261458
53.1150856
19
3
386
4
8.3433324
52.9032444
89
8
387
4
7.7572257
53.2223904
64
2
388
4
8.2090818
53.1982618
29
2
389
4
7.8000872
53.2191951
71
2
390
4
7.7858248
53.1837705
28
3
391
4
8.0170186
52.9400611
100
2
392
4
8.278335
53.2681963
53
2
393
4
8.3987707
53.3660069
78
3
394
4
7.4406628
53.345541
37
1
395
4
8.1715839
53.0856047
75
8
396
4
7.7118254
52.871958
22
1
397
4
8.3750655
52.9009911
1
8
398
4
7.7236208
52.8108757
60
8
399
4
8.0148589
52.9480967
41
8
400
4
8.3232413
52.8904369
88
3
401
4
8.3617175
53.1238058
42
3
402
4
7.4660646
53.3703497
50
1
403
4
7.8172974
52.8134055
63
1
404
4
7.4889634
52.7849101
72
2
405
4
7.4351936
52.8406834
68
3
406
4
8.024803
53.2046495
70
8
407
4
8.0953284
52.8170528
9
3
408
4
8.2194623
52.8633484
76
8
409
4
7.9555451
53.1043681
33
1
410
4
7.6753992
52.9937315
89
2
411
4
7.7625437
53.2539448
84
8
412
4
7.997937
53.0941111
70
2
413
4
7.7129322
52.9780317
53
1
414
4
8.0923757
53.2538583
8
8
415
4
7.9700791
53.3656196
74
8
416
4
7.773652
53.0683694
89
8
417
4
8.4382836
53.213933
9
2
418
4
8.0589628
52.9788968
41
2
419
4
8.0376202
53.0398888
36
3
420
4
8.1715234
52.9560076
74
2
421
4
7.526902
53.388212
20
8
422
4
7.503381
52.9453267
14
1
423
4
7.6065928
53.175479
95
8
424
4
7.7323435
52.8462972
88
3
425
4
7.7083102
53.2554704
12
8
426
4
7.8564478
53.1285872
61
3
427
4
7.7271227
52.8651301
48
2
428
4
8.1907975
52.9688876
16
2
429
4
7.5037791
53.2710181
46
8
430
4
7.5509792
53.0720526
25
2
431
4
8.4314919
53.1192033
85
3
432
4
8.4592303
52.7927532
36
8
433
4
7.5853823
53.374434
31
1
434
4
7.4822811
53.134197
40
8
435
4
7.4326115
53.2568055
54
1
436
4
8.0740431
53.1185546
85
3
437
4
8.0928933
53.1701869
96
1
438
4
8.346149
52.8211628
74
8
439
4
8.311127
53.1416259
99
8
440
4
7.9815589
52.9800789
5
3
441
4
7.6840703
53.2096719
25
3
442
4
7.6743706
52.9159041
78
2
443
4
8.3951846
53.2991235
10
8
444
4
8.3450936
53.345952
81
8
445
4
8.1696106
53.2711406
44
1
446
4
8.4511802
53.2764615
79
2
447
4
7.6992348
52.9777858
35
8
448
4
8.3519691
53.3496166
53
2
449
4
8.101537
53.2712521
36
8
450
4
7.5852873
52.9166377
32
8
451
4
7.6125784
53.1788225
18
3
452
4
7.667455
53.3089951
23
2
453
4
8.0476047
53.2427157
98
8
454
4
7.7196459
53.2194104
27
2
455
4
7.5621692
53.2383606
85
8
456
4
7.591415
53.3483428
80
1
457
4
8.3194773
52.8170229
40
8
458
4
7.590595
52.7843907
98
8
459
4
7.6158985
53.1270114
39
2
460
4
8.2552325
52.800929
2
2
461
4
7.5093189
53.2443615
69
3
462
4
8.235921
53.3255377
10
8
463
4
7.7008637
52.7816305
22
1
464
4
7.890792
53.0848663
85
8
465
4
7.8652563
53.2390321
93
8
466
4
8.2313479
52.8093169
69
3
467
4
7.5408136
52.8984745
73
2
468
4
7.5845505
53.1164221
95
1
469
4
7.745523
52.9489607
71
2
470
4
8.4305884
53.0092599
69
8
471
4
8.1604798
53.0359307
20
8
472
4
7.8971286
52.9292709
51
8
473
4
8.2795332
53.2146361
39
3
474
4
7.4414774
53.319849
41
3
475
4
7.9108611
52.9921629
83
8
476
4
8.3376157
53.1677892
3
1
477
4
7.6884656
53.0372096
80
3
478
4
8.0461839
52.7933763
22
8
479
4
8.1251722
53.2248393
56
1
480
4
8.3431867
52.9581566
43
3
481
4
8.0984602
53.2428306
47
8
482
4
8.2872965
53.0183672
37
2
483
4
7.9788683
52.8277061
4
1
484
4
7.796277
53.330491
17
8
485
4
8.3105114
53.2411172
43
8
486
4
8.0639554
52.8734102
12
1
487
4
7.9551133
53.1702658
41
3
488
4
8.4181056
53.2329335
18
2
489
4
7.4836681
52.8357369
77
8
490
4
7.8335827
52.9346146
31
8
491
4
8.0524065
53.1969141
54
8
492
4
7.598716
53.1934481
72
1
493
4
8.0705
53.0041177
91
2
494
4
7.5419435
53.1096666
10
1
495
4
8.4087507
52.9008052
56
1
496
4
7.8449619
53.0543136
80
2
497
4
8.0284721
52.85703
80
8
498
4
8.0280777
52.9902824
26
1
499
4
7.8908225
52.8664664
31
1
500
5
7.5503238
53.2204694
97
8
501
5
7.9267077
53.3423265
55
1
502
5
8.1446375
53.3690156
18
8
503
5
7.8153022
53.2221322
89
8
504
5
7.6464653
53.3141729
97
8
505
5
7.9921558
52.9745313
89
2
506
5
7.4646681
53.3032028
81
3
507
5
7.9204221
53.0791865
42
8
508
5
8.3433417
52.7860138
35
8
509
5
8.0379245
52.8515955
51
8
510
5
8.0078422
53.0004439
49
1
511
5
7.9515416
52.8943786
82
3
512
5
7.6335927
53.3566112
1
8
513
5
7.5511845
52.9585867
77
3
514
5
8.4566183
53.170384
29
3
515
5
8.3337562
53.3731189
1
8
516
5
7.9279995
53.0201174
81
3
517
5
8.4305948
52.9443554
82
1
518
5
7.937743
53.2883817
26
2
519
5
8.1637392
53.3584484
64
2
520
5
7.5012928
53.2627066
27
1
521
5
8.44135
53.1579705
70
2
522
5
8.3721439
53.1390971
98
3
523
5
7.7015364
53.0513549
97
1
524
5
8.4008173
53.1078359
16
8
525
5
7.8019553
52.9074515
94
8
526
5
8.3392371
53.354169
13
1
527
5
7.9881802
52.9128795
47
8
528
5
8.2005424
52.8672654
81
2
529
5
7.489039
53.2705229
64
2
530
5
8.0007193
52.8553704
8
8
531
5
7.7112119
53.1735095
26
8
532
5
7.5108182
53.1336354
64
2
533
5
7.6059574
53.3810722
43
2
534
5
8.0133795
53.0578978
39
1
535
5
7.7055857
53.3014556
53
1
536
5
8.2802037
53.1175255
75
1
537
5
8.2037191
53.0397165
78
3
538
5
7.9594269
52.826473
98
1
539
5
8.2424808
52.937165
69
2
540
5
8.3042821
53.1271567
79
1
541
5
7.5824256
53.1977136
65
8
542
5
7.7484932
53.1076203
46
8
543
5
8.1251066
52.8595048
40
3
544
5
8.4530864
52.9314628
31
8
545
5
8.2145059
53.1861581
77
8
546
5
8.4352737
53.3745721
41
3
547
5
8.3610664
52.9745294
99
8
548
5
8.379129
52.9289684
19
3
549
5
7.6308179
52.8180614
35
8
550
5
8.4090438
53.1746466
39
8
551
5
7.747892
53.3691941
70
2
552
5
7.6502561
53.3293767
70
2
553
5
8.2825184
53.3176894
83
8
554
5
8.2276317
52.8895912
69
2
555
5
7.9521107
52.7803328
96
1
556
5
7.9532439
53.2767315
36
3
557
5
7.7837688
53.3103653
81
3
558
5
8.3188756
53.0361342
79
1
559
5
8.0997561
53.0856784
51
8
560
5
8.3342792
52.8418296
46
8
561
5
7.4328812
52.8003382
51
3
562
5
8.0478899
52.8099345
47
3
563
5
8.2493639
53.1184768
53
3
564
5
8.3979065
52.9804756
4
2
565
5
8.4196415
53.2222869
64
1
566
5
7.9265801
53.2289922
90
8
567
5
8.0459827
53.1726901
81
3
568
5
8.0864671
52.7818176
72
8
569
5
7.9577012
53.1280508
52
3
570
5
8.3286768
53.3162421
58
3
571
5
7.9681249
52.9934939
74
8
572
5
8.4522441
53.0457431
16
8
573
5
7.9529313
53.1828542
32
2
574
5
7.9413682
53.0847477
65
8
575
5
7.5829372
53.1415141
43
8
576
5
7.5671394
52.9639863
87
8
577
5
8.302707
53.1160785
26
8
578
5
7.6596462
53.0839967
14
8
579
5
8.0903228
52.9201272
8
8
580
5
8.3963829
52.8384297
10
2
581
5
7.5680383
53.2200125
80
8
582
5
8.4316218
53.3410854
51
2
583
5
8.3052151
53.0441997
46
8
584
5
7.7341182
53.097912
97
8
585
5
8.1822734
52.9746657
44
8
586
5
7.5536265
52.8170013
85
1
587
5
8.3665811
52.8258948
42
8
588
5
7.704283
52.9952771
20
8
589
5
8.1627788
53.0871295
37
2
590
5
7.9421471
53.2194324
33
8
591
5
8.3399626
53.1442096
52
3
592
5
8.3905317
52.8239559
45
2
593
5
7.5855669
53.1294064
78
2
594
5
8.3107483
52.8287366
87
8
595
5
8.405525
53.0651299
77
2
596
5
7.787558
52.948499
63
8
597
5
8.3399111
53.0928604
77
3
598
5
7.5025972
53.1602774
22
8
599
5
7.7850439
52.808942
86
8
600
5
7.6221716
52.808219
84
2
601
5
7.9157013
53.2088638
59
8
602
5
8.3712025
53.0080302
53
8
603
5
7.7710545
53.3489731
23
8
604
5
8.4189389
52.9567922
21
2
605
5
8.2653341
53.1506244
49
8
606
5
8.3585975
53.1945515
22
3
607
5
8.3697852
52.7995499
18
3
608
5
8.3586696
52.839106
19
2
609
5
8.3412413
53.0827163
18
8
610
5
8.1078998
53.2820251
100
3
611
5
8.2376808
52.8265072
32
1
612
5
7.8188265
52.9842918
85
8
613
5
7.4964065
53.0753826
81
3
614
5
7.4685724
53.0521656
45
3
615
5
8.3944387
53.0246118
17
1
616
5
8.0170382
53.1994826
31
8
617
5
7.8982463
53.3487076
70
8
618
5
7.73546
53.2963439
59
3
619
5
7.7039077
52.9276955
11
8
620
5
7.6467587
53.2800375
93
3
621
5
8.008851
53.0455556
49
1
622
5
7.6012381
53.2101113
50
8
623
5
7.7282012
52.8157336
83
8
624
5
7.6847956
52.788958
56
8
625
6
7.6177458
53.2248105
75
3
626
6
8.046584
53.0574244
69
8
627
6
7.5712384
52.8292411
95
1
628
6
7.6538376
53.360035
36
8
629
6
7.5680308
53.1986484
48
2
630
6
8.375806
52.8100553
75
8
631
6
7.93646
53.0703954
16
2
632
6
7.5268558
52.790772
99
8
633
6
7.532812
53.1554621
74
3
634
6
8.3105463
53.0894463
18
3
635
6
8.2057806
52.8104542
1
8
636
6
7.8563408
53.3490479
95
1
637
6
7.9218449
52.8200541
10
8
638
6
8.3726461
53.1316996
16
1
639
6
7.4863653
53.3855605
19
8
640
6
8.1186548
52.927035
64
8
641
6
8.2573593
53.2221193
46
3
642
6
8.3423651
53.0089302
13
2
643
6
8.1986001
53.0693657
27
8
644
6
7.5437272
52.9914464
32
8
645
6
8.4447445
53.1400855
20
2
646
6
8.3363841
52.9774918
44
8
647
6
7.7921361
53.1523991
39
8
648
6
8.3603289
53.1464571
34
1
649
6
7.6815979
53.0004614
58
8
650
6
7.893161
52.8889136
11
8
651
6
8.3367593
53.2696067
69
8
652
6
8.3885107
52.8439454
23
8
653
6
7.9743574
52.9284847
64
2
654
6
8.4294227
53.2153944
72
1
655
6
7.6398858
53.1751067
49
3
656
6
7.9964201
53.116493
11
1
657
6
7.7955609
53.103157
36
8
658
6
7.6492895
53.3217116
87
8
659
6
7.7484676
53.1076773
79
1
660
6
7.7550543
52.8476525
14
8
661
6
7.8407319
52.9866744
17
3
662
6
7.5764274
53.067133
46
2
663
6
7.5094772
53.2486145
34
2
664
6
7.9058454
52.7846069
68
8
665
6
8.2031828
52.9245212
47
2
666
6
7.8551103
52.9805823
68
8
667
6
7.5975814
52.9618962
63
1
668
6
8.1457621
53.1770073
50
1
669
6
7.5491381
53.3166711
96
8
670
6
7.4582142
52.9231217
80
3
671
6
7.6898265
52.8629837
90
3
672
6
8.4412707
53.1018598
6
8
673
6
7.8031803
53.1402129
41
1
674
6
7.4713005
53.1614776
72
2
675
6
7.7190278
52.8458144
87
8
676
6
7.6815584
52.7922685
24
3
677
6
7.6640136
53.1193845
53
1
678
6
7.9214429
52.8540391
88
8
679
6
7.5893628
53.2199519
63
1
680
6
7.7274801
53.3487722
97
1
681
6
7.9260641
52.8253558
10
3
682
6
8.0627201
53.2333852
2
2
683
6
8.3191017
52.8601325
83
8
684
6
7.8413496
53.0857561
40
3
685
6
8.2961438
52.8753184
96
8
686
6
7.5899611
53.0632397
4
8
687
6
7.7190135
53.0023177
46
8
688
6
8.377894
53.3378247
41
1
689
6
7.9113588
52.9380448
61
8
690
6
8.3342679
53.1163702
41
2
691
6
8.4022636
52.9939962
17
8
692
6
7.7285591
53.3518641
83
2
693
6
7.5505514
53.0451322
41
1
694
6
8.0726755
52.8114793
51
3
695
6
7.9139946
53.0284004
25
8
696
6
8.0065752
53.2506058
15
2
697
6
7.8140758
52.8164034
31
8
698
6
7.7604725
53.0252136
35
8
699
6
7.8034297
52.9531872
15
3
700
6
7.693701
52.8795956
80
8
701
6
8.0671034
53.2916759
81
8
702
6
7.8628853
53.0227395
24
2
703
6
7.5450515
52.8216943
97
2
704
6
8.0621724
53.2869597
38
8
705
6
8.0583138
52.8187694
41
2
706
6
7.9730098
53.3862625
56
3
707
6
7.8825348
53.0575516
100
8
708
6
8.3244251
53.0630712
36
3
709
6
7.4451973
53.1896462
66
1
710
6
7.5695016
52.8358078
47
3
711
6
7.9918794
52.9197705
83
2
712
6
8.2929834
53.2688706
25
8
713
6
7.8153817
53.0815347
15
8
714
6
8.3469918
52.9416194
89
2
715
6
7.8842871
52.8538542
52
3
716
6
7.8678443
53.3610427
4
8
717
6
8.002093
53.2936375
69
1
718
6
8.1821473
52.9105815
6
8
719
6
7.8395331
52.9226509
62
8
720
6
8.2373779
53.3250383
45
2
721
6
7.8391639
52.9394701
38
2
722
6
8.3938459
52.9868764
90
8
723
6
8.1901511
53.061996
60
8
724
6
7.642834
53.3271576
30
8
725
6
7.5227945
53.3124416
81
1
726
6
8.0560873
53.2008085
51
1
727
6
8.1530762
53.070261
95
8
728
6
7.6262654
53.1271633
49
8
729
6
7.8438937
53.2961844
71
1
730
6
8.3810094
53.0538207
6
1
731
6
7.5137654
53.0429313
60
1
732
6
7.6145073
53.3025733
79
3
733
6
8.1528706
53.0380194
39
3
734
6
7.7967984
52.842405
9
2
735
6
8.0495895
53.1370714
64
8
736
6
8.0826811
53.0554847
49
2
737
6
7.8207823
52.850531
17
2
738
6
7.9103032
53.1070903
92
2
739
6
7.5197074
53.3863946
83
8
740
6
8.2113331
52.8974464
85
8
741
6
7.7308763
52.9947632
53
1
742
6
8.2636938
52.9723616
94
8
743
6
7.4637515
53.1732322
24
3
744
6
8.4070936
52.9249917
79
8
745
6
7.5267458
52.8452878
59
8
746
6
8.2133843
52.9049438
93
8
747
6
8.1505567
53.171108
10
8
748
6
7.5317261
53.2505361
99
2
749
6
8.1793717
53.269313
70
8
