0
1
7.7086079
52.8065693
45
7
1
1
7.9857223
53.3883939
10
5
2
1
7.5370961
52.8505103
16
4
3
1
8.1025713
53.3847026
51
5
4
1
8.0792984
53.3636379
86
5
5
1
7.9659391
53.0987274
42
8
6
1
8.4300928
53.3204929
38
6
7
1
7.6616673
53.2319054
17
4
8
1
8.0453871
53.2048945
45
7
9
1
8.376875
52.9225665
99
6
10
1
8.4232663
53.313442
15
4
11
1
8.4532295
53.0923538
32
6
12
1
8.4491851
53.1202202
63
5
13
1
7.5727639
53.2666603
93
5
14
1
7.618107
53.016197
3
8
15
1
8.1836699
53.0617832
21
7
16
1
8.2079101
52.9787012
52
6
17
1
7.6820189
52.8483767
56
8
18
1
7.9564203
53.1073604
68
5
19
1
7.9157318
52.8244512
68
4
20
1
8.384237
53.141689
84
8
21
1
8.2710731
53.3512504
91
4
22
1
8.0493517
53.1027781
53
7
23
1
8.0167639
52.823642
32
5
24
1
8.0615045
52.8919421
75
8
25
1
8.0905222
53.3028696
6
4
26
1
7.7472002
52.7993381
21
4
27
1
7.6550844
53.0802207
97
4
28
1
8.237272
52.8609666
62
6
29
1
7.6408754
53.2740815
85
8
30
1
8.4553902
52.9354433
5
5
31
1
7.537436
53.2184725
58
4
32
1
7.7487811
52.8149919
89
6
33
1
7.7950663
53.1326848
22
7
34
1
7.6863577
53.0037399
67
7
35
1
8.2857541
53.0431298
77
7
36
1
8.4413557
53.2701617
45
6
37
1
7.5948852
52.98613
72
5
38
1
7.5840863
52.8011105
87
8
39
1
8.1808691
53.3725723
44
7
40
1
8.272464
53.3337818
70
7
41
1
8.1824004
52.9763685
84
6
42
1
8.1344001
53.0960668
73
5
43
1
8.389192
52.906049
72
8
44
1
8.2396967
52.9409077
74
7
45
1
7.458821
53.0535393
100
4
46
1
7.6968518
53.1395379
5
6
47
1
8.1191901
53.0977512
17
8
48
1
8.1959454
53.2541553
9
7
49
1
7.92422
53.2359117
14
8
50
1
8.3629777
53.161772
31
5
51
1
7.6896591
53.0877412
26
8
52
1
7.7679232
53.200831
97
8
53
1
7.78975
53.2957636
38
4
54
1
7.4592979
53.2877149
89
4
55
1
7.9052588
53.3446063
46
5
56
1
7.785065
53.3020657
1
8
57
1
8.4306
53.0871609
61
8
58
1
7.613524
52.7946058
41
8
59
1
7.9970859
53.3712531
37
5
60
1
7.5729552
53.3266561
81
7
61
1
7.5331374
52.9750487
66
7
62
1
7.8754852
52.8269612
49
5
63
1
8.1112831
53.3156106
81
8
64
1
7.9710483
53.3437459
37
7
65
1
7.5405015
52.8432102
13
8
66
1
8.2832811
53.1464271
83
5
67
1
8.3939739
52.7808358
30
5
68
1
7.8463328
52.9478121
30
4
69
1
7.8577433
52.8385068
71
6
70
1
7.5792453
53.2969422
66
5
71
1
7.5921283
53.3011652
19
6
72
1
8.1407874
53.2527348
6
6
73
1
7.543219
53.3119539
38
4
74
1
8.020718
53.1785921
99
5
75
1
7.6521674
53.0157156
11
6
76
1
7.7016479
53.2048428
80
8
77
1
8.1211344
53.2421494
78
4
78
1
7.5372547
53.1125402
7
6
79
1
8.4138745
53.2884948
99
5
80
1
7.8466797
52.790274
14
6
81
1
7.4991451
53.3600279
80
7
82
1
7.716151
52.8244442
10
8
83
1
8.0876838
52.8301183
21
4
84
1
7.8084318
53.3212599
14
4
85
1
7.6456254
52.9116551
99
4
86
1
7.4889859
52.8830119
57
6
87
1
8.1040994
52.8233597
59
8
88
1
8.3814736
52.9498221
68
4
89
1
8.035157
53.0735039
40
5
90
1
7.5465778
52.8283283
12
7
91
1
8.3817479
52.9233139
2
6
92
1
8.009139
53.2835982
17
7
93
1
7.5403997
53.1469619
29
5
94
1
7.4331678
52.7848141
28
4
95
1
8.4117869
52.866619
51
6
96
1
7.7077683
52.9641729
65
5
97
1
7.6344328
52.8654158
93
7
98
1
7.8835576
53.3275887
80
5
99
1
8.4067385
53.0566743
11
4
100
1
8.3633441
52.8890959
98
4
101
1
7.6393761
53.3616553
72
4
102
1
8.1687199
53.0215411
91
4
103
1
7.435574
53.2160818
31
5
104
1
7.8426096
52.9305823
97
7
105
1
7.5264685
52.8053613
13
8
106
1
8.2271505
52.7856256
14
4
107
1
7.6571275
53.0729369
81
4
108
1
7.5148584
52.8737839
93
8
109
1
7.643627
52.8332281
78
5
110
1
8.1628311
53.1771629
63
5
111
1
8.1052513
52.9295502
29
5
112
1
7.5328511
53.1330818
75
7
113
1
8.4093333
53.1224055
99
6
114
1
8.1194345
53.3401307
57
7
115
1
7.6281288
52.8013675
94
4
116
1
8.0414645
53.3684141
36
8
117
1
7.5401201
53.1908273
7
7
118
1
7.4588458
53.0441871
49
5
119
1
8.0415674
52.9219885
63
4
120
1
7.5490893
53.0779966
21
6
121
1
7.8207899
53.2191172
51
7
122
1
8.0753671
53.0677491
33
8
123
1
7.877169
52.7901512
3
8
124
1
8.217745
53.2255153
93
8
125
2
7.8855427
53.279438
53
8
126
2
7.8830939
53.3181298
12
5
127
2
8.2824514
53.0073318
19
7
128
2
8.0856012
53.1055457
4
6
129
2
8.2825158
53.0873218
57
6
130
2
8.3804097
52.9646364
69
6
131
2
7.5775596
53.0538617
28
7
132
2
8.3486547
53.0765066
81
8
133
2
7.4387914
53.3670382
67
7
134
2
7.5740502
53.2028599
26
8
135
2
7.6255635
53.1637703
3
5
136
2
7.4641411
52.8351619
81
6
137
2
7.8524607
53.3497391
17
8
138
2
7.9794804
53.1074589
53
4
139
2
8.3595153
53.1886037
9
6
140
2
7.8008124
52.9616967
38
7
141
2
8.0131519
53.3639624
87
5
142
2
7.5931977
53.0073168
41
8
143
2
8.4009508
53.2140749
45
6
144
2
7.5041788
53.1622039
50
7
145
2
8.1792745
52.8753102
46
6
146
2
7.7121675
53.2168404
22
6
147
2
7.5131951
53.3277153
59
5
148
2
8.0486112
53.307945
76
8
149
2
7.4500635
53.2087547
25
6
150
2
7.7592587
53.1969871
34
8
151
2
7.8040009
53.0449925
98
7
152
2
8.0356758
52.9508277
10
8
153
2
8.1846827
53.0708348
10
5
154
2
7.4603085
53.1534468
23
4
155
2
7.4998881
53.2291334
53
8
156
2
8.341722
53.3670076
99
7
157
2
7.8363117
53.2947359
53
6
158
2
8.14511
53.1699825
12
5
159
2
8.2827954
53.3722205
85
6
160
2
7.6198064
52.7803157
44
8
161
2
8.3492381
53.2817605
56
7
162
2
7.4790269
52.8613087
36
7
163
2
8.3658821
53.0566688
12
5
164
2
7.8771762
53.1471666
35
5
165
2
8.0751159
53.2836449
77
4
166
2
7.5672372
53.3698775
13
7
167
2
8.3880236
52.9795182
76
6
168
2
7.6902813
53.1615365
42
4
169
2
7.9941885
53.1881374
58
6
170
2
7.8720805
53.0236944
13
8
171
2
7.6832141
53.0778291
89
7
172
2
7.7965961
53.3016634
93
8
173
2
8.3841133
53.1679692
53
6
174
2
7.9541603
53.3524063
86
5
175
2
8.4430418
53.2016661
15
5
176
2
8.2994526
53.1672168
28
8
177
2
8.2361906
53.1365222
27
4
178
2
8.1375515
53.0506316
36
6
179
2
7.7918367
53.2338602
78
6
180
2
8.0687818
52.9039989
89
5
181
2
7.5126829
52.9429619
64
5
182
2
7.8778486
53.3016885
68
8
183
2
8.1305531
53.3410324
40
6
184
2
7.5069099
53.1592837
5
7
185
2
8.1212216
53.2745948
14
5
186
2
7.7836479
52.7873685
12
4
187
2
7.6588182
53.0836297
41
4
188
2
7.5284622
53.3232158
68
8
189
2
8.3174479
53.1859572
55
7
190
2
7.5291968
52.7944715
18
6
191
2
7.6703459
53.2897082
10
4
192
2
8.3869928
52.9068511
57
4
193
2
7.9997581
52.7935513
78
8
194
2
8.0096306
53.3793085
39
7
195
2
8.0899623
53.1994647
1
8
196
2
8.2414212
53.0546474
49
7
197
2
8.4117286
53.1208618
79
7
198
2
7.7685098
52.9270579
11
6
199
2
7.925589
52.9943091
15
6
200
2
8.0761599
53.1180254
37
8
201
2
7.8440077
53.1774585
63
4
202
2
8.4055348
53.075795
10
8
203
2
7.6318548
53.1982926
62
7
204
2
7.8982704
53.2980385
37
4
205
2
8.1282254
53.056071
2
6
206
2
7.8057881
53.1231583
59
8
207
2
8.0401476
53.0730155
20
5
208
2
7.6240328
53.3865748
41
4
209
2
7.8304148
52.9216114
56
5
210
2
7.6545821
53.0721521
83
6
211
2
8.1993722
53.0996574
95
7
212
2
8.2560734
53.1503328
87
4
213
2
7.6311016
53.2960313
52
6
214
2
7.6586483
52.8019842
38
7
215
2
8.2380066
53.0012815
50
7
216
2
8.1025913
53.2983866
39
7
217
2
7.5143818
53.266921
36
7
218
2
7.5838193
53.0927578
31
7
219
2
7.628442
53.3093802
53
6
220
2
8.2816304
53.2065416
57
7
221
2
8.1033386
53.3866948
24
7
222
2
7.9203445
53.0812127
54
8
223
2
7.9138299
53.0513099
91
5
224
2
7.9054547
53.2020272
89
5
225
2
7.9630046
53.3511039
58
5
226
2
7.8596457
53.0624346
68
4
227
2
7.7449121
53.0666701
32
6
228
2
8.0076478
52.9690645
68
5
229
2
7.6358427
52.895312
99
5
230
2
8.2600749
52.7962602
81
7
231
2
7.5966324
52.8705449
42
7
232
2
8.2276799
53.1702202
31
7
233
2
7.6140663
53.0143835
8
6
234
2
7.6961213
53.3340917
15
7
235
2
7.5529201
53.3842509
70
8
236
2
7.4661207
53.2997324
13
6
237
2
8.2864828
52.8751958
7
7
238
2
7.7383293
52.9166247
5
6
239
2
7.7884828
53.3052806
18
8
240
2
7.5604779
53.0721143
31
5
241
2
8.2384643
53.0672689
86
6
242
2
7.8813443
52.9394336
67
4
243
2
7.5596606
53.1944393
35
8
244
2
7.9252163
53.0750741
20
7
245
2
8.4013321
53.1440379
42
6
246
2
8.3596094
53.0562183
100
5
247
2
8.0429318
52.9286662
49
8
248
2
8.4325631
53.0312744
34
5
249
2
7.5882105
53.3248562
87
5
250
3
8.0146919
53.3547519
16
5
251
3
7.813463
53.2275006
7
7
252
3
8.4528989
52.8463744
48
6
253
3
8.1394507
53.0269813
54
5
254
3
8.2803491
52.8268555
72
5
255
3
7.6089189
53.3097796
47
4
256
3
7.8801004
52.8282865
25
7
257
3
7.9962069
52.9551192
25
6
258
3
7.8400009
53.2457973
93
7
259
3
8.0955075
52.9827071
60
8
260
3
8.3389202
53.2339964
5
7
261
3
7.9412214
53.3064569
90
8
262
3
7.457029
52.7975992
2
8
263
3
8.2380121
53.2033496
88
7
264
3
8.4348307
53.0952547
90
8
265
3
7.7189845
53.3847454
7
7
266
3
8.0843085
53.0388455
7
8
267
3
8.3821224
52.8886306
59
7
268
3
8.1121833
53.0104383
4
7
269
3
8.3307511
52.8024434
23
4
270
3
7.5397704
53.0167059
78
7
271
3
7.5949161
53.2598762
39
4
272
3
8.4570797
52.9536381
51
6
273
3
7.5598329
52.9220299
11
7
274
3
7.4739376
52.928461
67
5
275
3
8.3349915
53.3446651
68
6
276
3
8.3321262
53.2593805
61
8
277
3
8.3666357
53.2851675
36
7
278
3
8.3439162
53.2959385
85
6
279
3
7.6234459
53.3824389
36
6
280
3
7.824315
52.9199796
93
6
281
3
7.5030692
53.0433102
9
7
282
3
7.5476271
53.2234512
46
4
283
3
8.3399029
52.9788926
76
8
284
3
7.4914694
53.3268682
60
4
285
3
8.0494185
53.0669505
35
5
286
3
8.3606939
53.1773048
46
6
287
3
7.8550003
52.8173062
55
5
288
3
7.6029043
53.0583302
62
8
289
3
7.6158171
52.9033869
76
4
290
3
8.2547375
53.032277
10
7
291
3
8.235921
53.2523715
89
7
292
3
7.8665
53.0323267
82
6
293
3
7.5041855
53.1009083
5
4
294
3
8.2765856
53.3242635
21
5
295
3
8.4275357
53.2521337
72
5
296
3
7.4824088
53.3158128
90
4
297
3
8.2473553
52.7840743
76
4
298
3
8.4160314
53.2544754
100
8
299
3
8.450447
53.3587836
82
7
300
3
7.5948739
52.9550598
10
4
301
3
7.6387651
53.2653993
88
5
302
3
7.4866467
53.2301823
46
7
303
3
8.0361107
53.2343053
89
7
304
3
8.2003235
52.7996221
6
7
305
3
7.5821163
53.111486
88
7
306
3
7.9764115
53.1766113
72
8
307
3
8.3413479
53.2114187
37
6
308
3
8.0457474
53.2078302
39
8
309
3
8.4170668
53.350651
61
7
310
3
7.9359453
53.1926379
57
5
311
3
8.0784982
52.9558052
12
7
312
3
7.8155968
53.3472146
12
5
313
3
7.7863646
53.0180963
38
8
314
3
7.5694894
52.9500872
62
6
315
3
7.6840891
53.301881
84
4
316
3
8.0246724
53.3808431
33
8
317
3
7.8573331
53.2000217
52
7
318
3
7.6627037
52.8951249
29
4
319
3
7.502095
53.2226359
4
6
320
3
8.1489813
53.2305592
91
7
321
3
8.1139015
52.9685307
79
5
322
3
8.362689
53.1995679
94
5
323
3
7.4508386
53.0834634
14
5
324
3
8.4363254
53.1977645
7
8
325
3
7.7466161
53.388758
53
7
326
3
7.564395
53.000665
17
8
327
3
8.3524488
52.8728167
4
4
328
3
8.0132589
52.8017541
24
5
329
3
8.1355755
53.3296521
60
4
330
3
7.7016843
53.3632197
99
6
331
3
7.680224
53.1950457
71
7
332
3
8.421533
53.0762345
3
8
333
3
8.1291403
53.2272441
79
4
334
3
7.7859731
53.0390605
40
5
335
3
7.5067624
52.8842326
68
5
336
3
8.312737
52.7986507
83
8
337
3
8.2496064
53.0453805
6
8
338
3
7.9652222
53.1892203
53
5
339
3
7.6627559
53.3440242
44
8
340
3
7.913373
53.3267404
63
4
341
3
8.3279508
52.8279607
77
4
342
3
7.9910774
52.939085
30
7
343
3
8.1661493
52.8651144
38
5
344
3
7.7218215
53.3015794
31
4
345
3
7.696303
53.1918093
69
8
346
3
8.4144818
52.830497
39
5
347
3
7.7896589
53.0676396
36
8
348
3
7.972282
53.0069386
64
5
349
3
8.2837204
53.090602
4
5
350
3
7.8925478
53.2790247
31
5
351
3
8.3122647
53.3173562
11
4
352
3
8.0893807
53.1214313
46
8
353
3
7.9575898
52.8335198
20
8
354
3
7.9823788
53.0700799
70
8
355
3
8.2903555
53.0477921
10
5
356
3
8.3232312
52.83192
5
6
357
3
7.9190559
52.9894893
24
5
358
3
8.2007534
52.9354766
86
5
359
3
8.1662186
52.9645978
37
8
360
3
7.7358058
53.1417166
23
4
361
3
7.9223925
52.9472248
6
7
362
3
8.4581126
53.288879
15
6
363
3
8.2779797
53.2141755
70
5
364
3
7.9848307
52.9145367
68
6
365
3
8.1272609
52.8749753
11
6
366
3
8.0484279
53.1564382
9
4
367
3
7.7903198
53.2878682
51
6
368
3
8.2075841
53.3328063
46
4
369
3
7.7576705
52.7866787
99
6
370
3
7.6486064
53.1678568
19
5
371
3
7.580693
53.3679332
93
4
372
3
7.6787334
53.3636711
64
7
373
3
7.5230201
53.1205157
85
4
374
3
7.8747477
52.9315772
17
6
375
4
8.1561188
53.1484848
63
4
376
4
8.2123677
53.1378982
22
6
377
4
7.753549
53.2150279
7
7
378
4
7.9767781
52.8277144
64
8
379
4
7.8626612
53.1313633
55
6
380
4
7.8770432
53.1395298
98
5
381
4
7.5994502
53.2224242
40
4
382
4
8.3221951
53.32418
11
8
383
4
7.7313134
53.385153
32
7
384
4
7.6155592
53.371
82
8
385
4
8.1718528
52.9814029
33
4
386
4
8.0886181
53.1804308
96
4
387
4
8.1607544
52.9106727
44
7
388
4
7.7302598
52.9269569
6
8
389
4
7.479316
53.3314731
55
5
390
4
8.3860594
52.894093
37
6
391
4
7.8091481
53.1713186
51
8
392
4
7.8288568
53.2747381
89
7
393
4
7.5053848
52.8520367
85
8
394
4
8.1872187
52.9246559
51
5
395
4
8.4247683
52.8990014
56
7
396
4
7.9591676
53.0578237
39
7
397
4
7.6896538
53.1710668
72
6
398
4
7.6811656
53.0114389
91
8
399
4
7.7534928
52.7800232
2
6
400
4
8.3868336
52.9057574
40
6
401
4
8.0186223
53.3611385
54
4
402
4
8.3370626
52.8676233
34
8
403
4
8.2540165
52.9788363
58
7
404
4
8.0425892
53.2919642
1
4
405
4
7.8324662
53.3851681
74
7
406
4
8.0160163
53.2989846
98
5
407
4
7.5038843
53.2450009
84
8
408
4
8.1337621
52.8684581
93
6
409
4
8.3960462
52.9995699
59
8
410
4
7.8725947
53.1376936
13
5
411
4
8.4374276
53.3692012
9
8
412
4
7.4822811
52.9366549
87
4
413
4
7.4343086
52.8694728
98
7
414
4
8.1926252
52.7856769
46
8
415
4
7.7882987
53.2508999
58
4
416
4
7.8885993
53.3854043
69
4
417
4
7.6192021
53.1124276
49
4
418
4
7.5768392
52.9781684
6
7
419
4
7.7549471
53.378439
51
4
420
4
7.4453964
53.2832391
34
5
421
4
7.6320324
53.0480918
58
6
422
4
7.7461252
53.0743936
10
4
423
4
8.3832169
52.8091051
40
7
424
4
8.0342264
53.3058223
29
5
425
4
8.1149764
53.2446602
55
5
426
4
7.4402184
52.7986209
35
8
427
4
7.937171
52.9821325
24
5
428
4
8.2999092
52.8640193
62
6
429
4
7.820653
52.8333484
5
8
430
4
7.7467948
52.8173854
84
4
431
4
8.2341466
52.8724206
60
8
432
4
8.1786256
52.842128
43
5
433
4
8.3585785
53.0580795
60
4
434
4
7.8414664
52.817265
35
8
435
4
7.6999437
53.2982869
58
5
436
4
7.5405236
53.1265644
92
5
437
4
7.6484749
53.3363331
44
6
438
4
8.2391093
53.1775023
38
6
439
4
7.675099
53.3865091
16
7
440
4
7.8576874
52.8072881
96
4
441
4
7.6444384
53.2242529
47
6
442
4
8.1840805
52.892531
30
4
443
4
8.0598525
53.2225285
10
6
444
4
7.6367787
53.2742313
14
5
445
4
7.4333653
53.1347397
56
7
446
4
7.5405398
53.0171264
7
8
447
4
7.6761418
52.8683412
89
8
448
4
7.8679429
53.103589
31
5
449
4
7.9152151
53.1121725
3
5
450
4
7.6730958
52.8654743
52
5
451
4
7.6645711
53.2750788
43
7
452
4
7.7446739
53.2708653
83
7
453
4
8.1962109
53.1800048
36
8
454
4
8.0262693
52.8038599
25
6
455
4
7.9643922
53.0926506
80
8
456
4
7.8920229
53.0564778
62
7
457
4
8.336085
53.0074933
70
6
458
4
8.0686968
53.370703
51
5
459
4
7.8634656
53.1812829
92
7
460
4
8.1532057
53.0108206
6
6
461
4
7.9191223
52.9910811
32
7
462
4
7.5900003
52.8647404
55
4
463
4
7.4526392
52.9852942
85
4
464
4
7.8521775
53.3691137
40
5
465
4
7.6083109
52.9898636
72
7
466
4
8.002321
52.8113363
43
6
467
4
8.1530015
53.1864657
55
6
468
4
8.1165403
53.3154367
8
7
469
4
8.0510656
53.1764099
58
5
470
4
7.5897179
52.9397141
62
7
471
4
8.3460374
53.3102516
7
4
472
4
7.8240365
52.8294463
15
6
473
4
7.5791066
52.9672143
77
4
474
4
7.6851948
53.049099
38
8
475
4
7.9058083
53.0978685
62
4
476
4
7.8355353
53.2788854
45
6
477
4
7.5907739
52.8539197
13
6
478
4
7.9440784
52.963029
16
4
479
4
8.0017607
53.1849578
35
6
480
4
7.6223046
53.3838984
34
7
481
4
8.3978274
52.8024579
11
4
482
4
7.5884941
52.8842
32
8
483
4
7.9656707
53.0112823
14
8
484
4
8.1286766
53.0031064
68
8
485
4
7.4667037
53.3758569
19
5
486
4
7.487813
52.8885756
68
8
487
4
8.3998833
53.2372806
83
5
488
4
8.3586099
53.3463657
5
5
489
4
7.6736128
53.1156208
96
6
490
4
7.7304316
53.240317
39
5
491
4
8.3000822
52.814573
79
8
492
4
8.4536156
53.1637687
26
8
493
4
8.1287392
53.2069789
52
8
494
4
7.8235159
53.1319673
11
7
495
4
8.1888396
53.0748621
94
8
496
4
7.9725637
52.8191392
86
8
497
4
7.9751886
52.9854855
64
7
498
4
7.6624642
53.261642
70
8
499
4
7.8085627
53.1717866
4
4
500
5
8.1216155
53.2130394
34
8
501
5
8.3400159
52.9359778
74
4
502
5
7.7147232
53.3224476
84
8
503
5
7.4416782
53.0337944
91
6
504
5
8.2354606
53.1487539
61
5
505
5
8.3262689
53.1812195
52
8
506
5
7.5570373
52.8784014
71
4
507
5
7.7338251
52.9410962
26
7
508
5
7.693686
53.0380731
23
7
509
5
7.5178738
52.9116734
24
5
510
5
7.5457881
52.9125199
86
6
511
5
8.226785
53.3365626
73
6
512
5
7.9843079
53.2409249
70
6
513
5
8.4391791
52.8052099
46
7
514
5
8.0039797
53.310821
25
8
515
5
7.4536471
53.3779428
63
8
516
5
7.6984137
53.2490579
49
6
517
5
7.6625398
53.1456288
48
6
518
5
8.2603967
53.2512852
46
5
519
5
7.4317989
53.1180079
82
7
520
5
8.4549328
52.9111284
15
8
521
5
7.8592581
52.9737372
61
5
522
5
8.0521933
52.8570906
57
6
523
5
7.7011549
53.2950161
89
6
524
5
7.4806905
52.9285934
32
4
525
5
7.5645344
53.3811177
63
6
526
5
7.9133289
52.9256834
60
6
527
5
8.3497065
53.177214
55
4
528
5
7.555258
53.0410492
50
8
529
5
8.032319
53.1106773
26
6
530
5
7.7182089
53.1249057
28
6
531
5
7.8536265
52.9561112
46
4
532
5
8.1639271
52.9392207
74
6
533
5
8.0057816
52.8437307
64
4
534
5
7.9002614
52.9819314
18
7
535
5
7.6837994
53.0279228
36
6
536
5
8.2473991
53.2585125
60
8
537
5
8.2792721
53.3303163
86
7
538
5
8.162828
52.8370012
67
6
539
5
8.4138583
52.8500992
19
6
540
5
7.5556231
52.8266313
46
4
541
5
7.8217577
52.943097
36
4
542
5
8.3432041
53.2828286
16
4
543
5
8.0575429
53.2394752
67
5
544
5
7.5619167
53.1968656
31
6
545
5
7.5488638
53.1910567
29
8
546
5
8.3605694
52.8556227
34
8
547
5
7.7621345
52.9304988
96
5
548
5
7.6948571
53.1810854
61
4
549
5
8.2207045
52.8810356
82
6
550
5
7.9793992
53.0848914
71
8
551
5
8.0749262
53.3491503
49
7
552
5
8.1392787
53.0181551
82
4
553
5
8.0403657
52.8446928
81
4
554
5
7.6296736
53.2103355
13
8
555
5
8.2558338
53.0987803
88
8
556
5
7.717505
52.9669866
74
6
557
5
8.2019679
53.056589
34
5
558
5
7.9468708
53.0607005
10
4
559
5
8.3361951
53.0392044
93
7
560
5
7.6437385
52.9823252
69
7
561
5
8.2340027
52.997237
33
7
562
5
7.6248939
53.1825633
1
5
563
5
8.2146
53.1240381
7
8
564
5
7.8983832
53.3392739
31
6
565
5
8.0388193
52.9217717
25
4
566
5
7.7793279
53.298788
83
8
567
5
7.4931818
52.8574766
62
8
568
5
8.4291055
52.8955016
33
5
569
5
8.4309398
52.7870634
67
5
570
5
7.7338759
52.8898784
84
5
571
5
7.8161099
53.3447482
6
6
572
5
8.1364875
53.1036283
36
5
573
5
8.2293899
53.3832836
1
8
574
5
8.2628893
53.2404259
56
6
575
5
8.1348655
53.3749995
73
4
576
5
8.1767047
53.177622
46
4
577
5
7.7124609
52.856822
74
5
578
5
8.2246219
53.0637962
79
4
579
5
8.2577194
53.1619984
27
4
580
5
7.6460734
53.0004677
62
4
581
5
7.8359635
53.2516995
56
7
582
5
8.0768285
53.2581714
76
8
583
5
7.5900446
52.9168767
30
8
584
5
8.4443315
52.9105627
69
5
585
5
8.0454565
52.9756287
1
6
586
5
8.3141034
53.2730883
6
4
587
5
7.6782601
53.0589132
10
7
588
5
8.1112186
53.2322523
17
8
589
5
8.0061739
53.1378631
94
6
590
5
8.3569651
53.0002148
8
8
591
5
7.7867123
52.895268
10
6
592
5
8.0186754
52.8984848
2
6
593
5
7.7194826
52.9803817
67
4
594
5
7.6130302
52.9521942
17
6
595
5
8.3790053
52.9210809
23
4
596
5
7.9064231
53.0099771
41
4
597
5
7.5438528
53.1168456
11
8
598
5
8.4007636
53.1204016
60
8
599
5
8.0159909
53.0100876
38
8
600
5
8.0552179
53.0071603
44
8
601
5
7.9029515
52.9482505
72
6
602
5
7.4566234
53.1671241
41
7
603
5
7.7299244
53.1327222
21
4
604
5
7.4674166
53.1623184
95
8
605
5
8.3143009
52.820953
90
5
606
5
7.8939834
53.0510664
70
7
607
5
8.0550599
53.3593733
21
4
608
5
7.8955021
53.0982922
26
6
609
5
7.5363521
53.2898204
6
5
610
5
7.9286161
52.9969097
72
8
611
5
7.5000949
53.1628231
8
4
612
5
7.9480394
53.3305081
72
6
613
5
7.7321251
53.2634945
73
7
614
5
8.0163796
53.3565539
100
4
615
5
8.3505752
53.1611684
12
7
616
5
8.2378611
52.8084973
3
7
617
5
7.9876273
52.9287762
18
5
618
5
8.0522019
52.9096442
99
7
619
5
7.4480789
52.9918066
79
6
620
5
8.4189893
52.9517353
28
5
621
5
7.9083209
52.842779
14
5
622
5
8.1628582
53.2554811
65
8
623
5
7.4847446
53.3612955
54
6
624
5
8.1458215
53.202716
75
6
625
6
7.7215208
53.2514916
80
4
626
6
8.2639103
52.8542799
66
7
627
6
8.0616643
53.0872514
37
5
628
6
8.2102339
53.0125363
81
5
629
6
8.0670423
52.9877262
96
5
630
6
7.7096868
53.1005014
24
5
631
6
7.999187
52.8447711
28
4
632
6
8.2269411
52.7835175
73
4
633
6
8.0683515
53.2099485
50
6
634
6
7.9070684
52.8155947
64
8
635
6
8.0834843
53.1754879
44
5
636
6
7.6836086
53.2167601
92
7
637
6
8.4360438
53.2260462
87
4
638
6
7.4379417
53.2796069
91
8
639
6
7.8762328
53.2157862
45
4
640
6
7.4904967
53.301944
79
7
641
6
8.0113143
53.2704547
53
8
642
6
8.2141533
53.0444886
27
8
643
6
7.6009551
53.052865
53
8
644
6
7.5809523
52.8593516
30
6
645
6
8.2715812
53.1347462
14
4
646
6
7.5132196
53.0622137
52
8
647
6
8.0416925
53.0862909
83
5
648
6
7.598198
53.2107381
74
6
649
6
8.4315979
53.3286662
46
5
650
6
8.4246693
53.3076308
37
6
651
6
8.2439156
52.9842386
70
6
652
6
8.1304237
53.2174135
23
6
653
6
7.4937618
53.01945
36
4
654
6
7.998613
52.8677906
44
7
655
6
7.8206189
53.2664099
86
7
656
6
8.3674309
53.1209411
38
6
657
6
8.4199615
53.3355364
59
6
658
6
7.7550761
52.8255796
60
8
659
6
7.9292293
53.3315176
42
4
660
6
8.1811589
53.3554348
2
7
661
6
8.081541
52.8377417
30
4
662
6
7.5177422
53.1795449
14
4
663
6
7.6578719
53.2964741
96
8
664
6
7.5243241
52.9567857
100
5
665
6
7.7984093
52.9937415
84
4
666
6
8.1386869
53.2036364
17
5
667
6
8.1053473
52.9784844
22
7
668
6
8.0263357
53.155415
15
6
669
6
8.0324495
52.7990323
38
4
670
6
8.393289
53.1369792
49
8
671
6
8.1505059
52.8768336
91
5
672
6
7.9050412
52.9342013
36
8
673
6
7.6151614
53.1248702
63
8
674
6
8.3739237
53.3057241
64
5
675
6
7.8018794
53.2128335
71
7
676
6
8.3054062
52.9345224
54
4
677
6
8.3207808
53.3033835
4
6
678
6
8.1000027
52.8087245
31
4
679
6
8.344466
52.9083401
14
6
680
6
8.2335262
52.9906448
35
6
681
6
8.3790851
53.1087245
55
8
682
6
8.4504257
53.2113318
23
6
683
6
7.5269041
52.9930919
24
7
684
6
8.4419284
52.8451908
54
4
685
6
8.3908948
53.3812841
28
8
686
6
8.2611522
53.1128738
51
8
687
6
8.2123631
53.2914429
52
4
688
6
8.3782091
53.1817807
48
5
689
6
8.1151111
52.9437589
41
6
690
6
7.5617973
53.0553184
87
4
691
6
8.3806522
52.8470912
73
7
692
6
7.6359958
53.192939
87
4
693
6
8.0045213
52.8514987
37
8
694
6
7.9404721
53.2435833
55
4
695
6
8.1434748
52.9887551
43
6
696
6
8.4423634
52.8618584
78
5
697
6
7.6936344
53.1278117
38
5
698
6
7.9666027
52.8987167
44
5
699
6
7.5880345
53.1961535
99
8
700
6
7.8586614
53.0782323
45
7
701
6
7.8281972
52.9689429
18
6
702
6
8.105737
53.0073304
77
8
703
6
7.6956393
52.9138639
87
6
704
6
7.6411684
53.1486544
45
5
705
6
7.9859531
53.1717802
74
7
706
6
7.8719362
53.1685543
30
8
707
6
7.8868703
53.1026854
42
4
708
6
8.271398
53.1504109
52
8
709
6
7.76434
52.7923127
5
8
710
6
8.1299644
53.3435382
53
4
711
6
7.8013643
52.8524881
87
7
712
6
7.5672018
52.8426267
76
7
713
6
7.9358481
53.366218
54
8
714
6
7.787777
53.1043721
79
8
715
6
8.3628137
53.2583013
17
7
716
6
8.013181
53.215463
42
6
717
6
8.1710308
53.3586811
27
6
718
6
8.270716
53.3382107
59
4
719
6
7.5023028
52.8884983
18
8
720
6
7.9642915
53.1564307
16
8
721
6
7.8164474
52.7941643
20
8
722
6
8.2703108
53.3374462
62
7
723
6
7.4333849
53.3456324
9
7
724
6
7.6806116
53.1204809
13
4
725
6
8.2234745
53.0256643
55
7
726
6
8.3937159
53.1284333
48
4
727
6
8.3546343
53.090483
39
8
728
6
7.5220339
53.2525505
15
7
729
6
7.7908988
53.3406037
85
6
730
6
8.3859623
53.3525052
92
5
731
6
8.2273777
53.3898266
90
7
732
6
8.276273
53.0698293
90
4
733
6
8.2936357
53.1078617
96
7
734
6
7.9041563
53.02499
25
6
735
6
7.7963121
53.3834273
23
4
736
6
7.7514388
53.3197563
54
7
737
6
8.1019633
52.7893088
23
8
738
6
7.582447
53.3591499
44
5
739
6
8.437323
52.9160532
3
8
740
6
7.7550667
53.0550912
8
5
741
6
7.4867633
52.9825406
63
7
742
6
7.4685158
53.1840407
85
4
743
6
7.8527796
53.1287684
82
5
744
6
8.0889349
53.2107126
46
6
745
6
7.8811181
52.8770292
1
6
746
6
7.4516741
52.7844131
95
5
747
6
8.4233587
53.0411162
39
7
748
6
7.4327123
53.0928273
51
5
749
6
7.6470824
53.1602946
46
8
