0
1
8.3783248
52.958191
85
6
1
1
7.9391155
53.1795375
66
8
2
1
8.2515768
53.2991881
77
1
3
1
7.4662999
52.9336161
83
1
4
1
7.5509968
53.0182988
6
6
5
1
7.7696365
52.9390402
69
8
6
1
8.2300447
53.3802886
47
4
7
1
7.9111557
52.8786618
29
8
8
1
7.907031
53.1652351
24
7
9
1
7.4769189
53.2373428
31
1
10
1
7.6449464
53.238988
99
8
11
1
7.7093767
53.2664653
99
3
12
1
7.8196584
53.3877437
38
8
13
1
7.7670745
52.8837802
67
4
14
1
7.5028554
52.9709198
83
4
15
1
8.2475064
53.0393369
81
8
16
1
8.23551
53.3449826
62
8
17
1
8.180821
53.3348814
37
2
18
1
7.8072379
53.0096678
63
4
19
1
7.5070208
52.9280742
16
5
20
1
8.1516265
53.1219805
75
2
21
1
8.3654012
53.275221
4
1
22
1
7.9752916
52.8057224
61
2
23
1
7.5926878
53.3028284
40
8
24
1
7.9523797
52.9762568
69
4
25
1
7.4730472
52.8025805
77
8
26
1
8.0295353
53.0935244
12
7
27
1
7.6316307
53.2477002
37
8
28
1
7.8723661
52.8332246
99
3
29
1
7.5008779
53.003016
90
8
30
1
7.5999297
53.3673201
58
2
31
1
7.8420542
53.2775068
45
2
32
1
8.1823697
52.9544936
84
8
33
1
7.9626716
52.9242178
25
6
34
1
7.857204
53.0668326
8
1
35
1
7.9289429
53.3410679
47
6
36
1
8.0868438
53.0325493
31
5
37
1
7.8770557
52.9425193
67
7
38
1
8.201467
53.2544636
96
8
39
1
7.9382317
53.0075199
47
3
40
1
8.4001398
53.1267505
39
8
41
1
8.3993551
53.3671348
34
8
42
1
7.5996341
53.1582778
94
8
43
1
7.5032518
52.8158988
55
5
44
1
8.0700505
52.9405376
97
4
45
1
7.4547166
53.3307422
47
2
46
1
8.1978361
52.8857554
27
8
47
1
7.4796552
52.9070363
69
3
48
1
7.6907767
53.2237625
38
8
49
1
7.462994
53.0770225
37
3
50
1
7.5177046
52.9340298
53
2
51
1
8.2326422
53.2166006
72
2
52
1
7.5050871
53.0482355
79
8
53
1
8.3140908
53.1868234
10
3
54
1
8.0029021
53.041766
83
7
55
1
7.7596439
53.1880562
33
8
56
1
8.3350765
53.0558696
96
8
57
1
7.6217081
52.8974522
84
4
58
1
7.7064736
53.1047605
33
3
59
1
8.115655
52.790162
57
8
60
1
7.697168
52.828648
46
3
61
1
8.0200332
53.0243459
25
8
62
1
7.9696733
53.0907597
81
7
63
1
8.2614513
53.1293599
46
8
64
1
7.8379269
53.1149207
1
4
65
1
7.7932546
53.0348717
75
8
66
1
7.9285985
53.1618874
79
7
67
1
8.284271
53.0195527
27
8
68
1
7.445227
52.8156255
36
7
69
1
7.475768
53.2782114
97
3
70
1
8.2305709
53.0001354
94
8
71
1
7.6612814
53.0015572
26
8
72
1
7.4969211
53.2395622
38
2
73
1
7.5656614
52.8214639
9
1
74
1
8.1864812
53.1035773
51
7
75
1
8.2224845
52.8910033
71
8
76
1
7.4592123
53.1314454
2
8
77
1
7.5414641
53.2155233
38
8
78
1
8.268072
53.1451935
21
1
79
1
7.9063179
52.9418046
52
4
80
1
7.7470652
53.0185728
97
7
81
1
7.5225619
52.7916694
44
1
82
1
8.1171871
53.0963079
36
8
83
1
7.551437
53.3773485
35
6
84
1
8.350579
52.8233313
54
2
85
1
8.3144735
53.2107308
75
8
86
1
7.935466
53.1546052
64
8
87
1
7.8754621
53.0154877
57
8
88
1
7.4323049
53.3427982
92
1
89
1
7.8371917
53.1885007
70
3
90
1
7.7382051
53.1422781
71
8
91
1
7.6086688
53.1492973
27
7
92
1
8.4414879
53.1358145
81
8
93
1
7.873227
53.0653753
34
8
94
1
8.3142445
52.8033418
68
6
95
1
8.1312369
53.0452312
43
6
96
1
8.025404
52.9964535
10
4
97
1
7.657704
53.1712829
97
3
98
1
7.9345714
53.3658407
77
8
99
1
7.8689055
53.2870297
92
1
100
1
7.7670705
52.9780753
63
3
101
1
8.1533741
52.9708695
4
6
102
1
7.745083
52.8315665
9
5
103
1
8.3177511
53.3588762
36
1
104
1
7.4750254
52.8151417
10
5
105
1
7.5638757
53.1808767
7
4
106
1
8.3979365
53.2695505
60
8
107
1
8.2526395
53.2213622
5
8
108
1
8.2340362
53.2619357
78
7
109
1
7.6377459
53.1976222
20
8
110
1
8.2714182
52.8415851
84
2
111
1
7.4562887
52.7823962
91
2
112
1
8.1075601
53.3076893
80
4
113
1
7.70431
53.1234713
8
6
114
1
8.1573801
52.793514
60
7
115
1
7.9772824
52.970313
5
1
116
1
7.7742046
52.9568796
78
3
117
1
7.6854301
53.1519395
86
3
118
1
7.5700633
53.2202885
83
4
119
1
8.3804491
52.8842274
68
3
120
1
7.8157857
53.2393367
73
5
121
1
8.3785306
52.9778716
3
5
122
1
7.8336171
53.2091479
81
2
123
1
7.4827864
52.927301
44
7
124
1
8.1745285
52.9891393
30
7
125
2
7.5505188
52.921511
68
4
126
2
7.5076593
53.1826885
23
1
127
2
8.3626554
53.0684936
59
8
128
2
7.680767
52.8446656
93
5
129
2
7.9021994
52.8319807
10
8
130
2
7.7519686
53.136686
42
1
131
2
7.7359711
52.8668657
9
1
132
2
7.4471369
53.1107378
45
4
133
2
8.3631965
53.1636329
32
2
134
2
7.9903698
52.7810326
79
5
135
2
8.1123046
53.0618797
29
1
136
2
7.6170174
52.9831775
42
6
137
2
7.6691961
53.0221359
11
3
138
2
7.9482773
52.7863601
61
2
139
2
8.0415553
53.1495121
75
8
140
2
7.7390558
52.7838254
17
8
141
2
8.262401
53.1248152
83
4
142
2
8.4335923
53.2496471
30
2
143
2
7.8592151
52.8190893
77
2
144
2
7.6133094
53.0680485
82
8
145
2
7.5359482
52.8041996
51
8
146
2
8.4371652
52.809614
79
8
147
2
7.6384721
53.305801
16
1
148
2
7.7369253
53.0468721
83
1
149
2
7.863371
53.3520985
40
1
150
2
7.6713594
53.1428087
48
6
151
2
8.0176592
52.8641841
96
7
152
2
8.3789625
52.8644123
49
8
153
2
7.7866043
53.3147826
9
5
154
2
7.9019006
52.7862177
9
1
155
2
7.8747472
52.9859054
54
8
156
2
7.9332088
53.1616792
66
1
157
2
7.7576351
53.220613
52
8
158
2
7.9194795
53.1063
14
1
159
2
7.7284693
53.2643039
16
8
160
2
7.9202304
53.0267657
4
1
161
2
7.8871901
52.9607316
68
8
162
2
7.492756
53.3333039
14
8
163
2
7.7549519
52.8635247
24
2
164
2
8.0480648
52.8096387
34
8
165
2
7.8826536
53.2090665
64
8
166
2
8.2889553
52.9090745
63
8
167
2
7.7107131
52.9776116
34
4
168
2
7.8285149
52.8128078
28
8
169
2
7.6644431
52.8950039
93
8
170
2
8.3925739
53.3858278
60
3
171
2
8.4176807
53.1060891
14
8
172
2
8.4422396
53.3068364
29
3
173
2
7.4676766
53.3795717
2
6
174
2
8.4394159
53.3129251
86
4
175
2
7.7919779
53.1173362
52
5
176
2
7.7005963
53.328177
24
5
177
2
7.4365893
53.0386441
80
3
178
2
7.6211236
53.2491491
23
2
179
2
7.6151318
52.8788393
30
6
180
2
8.1945561
53.3711967
16
2
181
2
7.6397115
53.1676161
93
6
182
2
8.0777663
53.3158726
5
4
183
2
7.8666862
53.3415357
69
8
184
2
7.606243
53.2160074
12
3
185
2
7.4686371
52.8199089
6
5
186
2
8.2302009
52.8928449
27
8
187
2
7.9368832
53.285553
60
7
188
2
8.4568182
53.1210126
11
5
189
2
7.4881085
53.1877658
23
1
190
2
7.8802936
53.3143962
90
8
191
2
8.0319375
53.3742032
31
6
192
2
7.501273
53.0521608
23
3
193
2
8.2903532
52.874598
51
8
194
2
7.9748026
52.9443142
40
5
195
2
7.5018675
53.2055896
99
5
196
2
7.7564726
53.0707608
25
8
197
2
8.3498229
52.9273689
46
4
198
2
7.632318
53.0873538
43
4
199
2
7.9184143
53.1181113
51
8
200
2
7.6156699
52.7938717
79
5
201
2
7.4766168
53.3174467
83
6
202
2
7.5717987
52.8164873
50
8
203
2
8.032029
53.0388329
48
2
204
2
7.4921968
53.2060882
25
4
205
2
7.4825729
52.8035552
62
8
206
2
8.3104295
53.0271249
66
6
207
2
7.5443033
53.2442526
38
5
208
2
8.2512212
53.1541124
34
4
209
2
8.3630269
52.9536612
48
7
210
2
8.3599547
52.974924
95
8
211
2
8.3233497
52.9769125
25
8
212
2
8.003567
53.0151408
66
7
213
2
7.4496554
53.0973003
9
3
214
2
8.0067731
53.1047026
16
3
215
2
8.370675
53.2655201
36
2
216
2
7.7840906
53.3231482
49
3
217
2
7.8073101
53.03247
68
8
218
2
7.8577621
52.7838955
99
3
219
2
7.4385474
53.1980427
89
1
220
2
7.7656413
53.0993673
41
6
221
2
8.297424
53.2932078
14
7
222
2
7.6253102
52.874447
58
8
223
2
7.6629172
53.3631154
44
2
224
2
7.6751554
52.7809767
58
4
225
2
7.5524611
53.3396324
69
8
226
2
7.8409436
52.8226496
23
8
227
2
7.4563678
53.0515252
62
7
228
2
8.2809636
53.1383747
94
7
229
2
7.4556641
53.3891901
58
8
230
2
7.8701839
52.8403219
47
8
231
2
7.5795588
53.0172596
79
6
232
2
8.1510871
53.3804603
72
3
233
2
7.6293382
52.819288
95
8
234
2
7.6260577
53.2062035
31
8
235
2
7.6063922
53.0256435
11
2
236
2
8.4139627
52.8053501
19
8
237
2
8.4526721
52.8720731
32
1
238
2
8.161163
53.2940889
5
8
239
2
7.4386118
52.7938642
92
8
240
2
7.8498439
53.0380494
37
2
241
2
8.030274
53.3124567
31
5
242
2
7.4318032
53.2834187
21
8
243
2
7.7007634
52.8006574
42
1
244
2
8.3475301
53.3068569
2
5
245
2
7.7675242
53.1273615
97
8
246
2
8.1041732
53.0936533
36
1
247
2
8.4287185
53.2356987
77
2
248
2
8.1837441
53.0154448
91
4
249
2
7.5235006
53.0983844
17
2
250
3
7.8040071
53.3112612
85
6
251
3
7.903239
52.9417867
13
8
252
3
7.7829899
53.1450637
67
7
253
3
7.8808317
52.9403071
75
1
254
3
7.7333782
53.2380356
96
4
255
3
7.4498011
53.1648935
28
2
256
3
8.3363739
52.970472
99
3
257
3
7.4696402
53.1422008
40
1
258
3
7.443268
53.0888879
74
8
259
3
7.8685739
52.9332387
4
1
260
3
8.0502766
52.8969315
45
3
261
3
8.3755731
53.2796123
3
8
262
3
7.5591448
53.2662811
18
7
263
3
7.4850401
53.070196
52
6
264
3
8.2465786
53.2516266
39
8
265
3
8.0667445
52.8483077
61
8
266
3
7.5182028
53.0798624
68
8
267
3
7.8052472
53.331943
23
6
268
3
7.8870548
53.3166117
39
8
269
3
8.1390536
53.0827474
81
8
270
3
8.1518235
53.063663
14
5
271
3
8.1863361
53.0759939
12
6
272
3
8.0582567
53.1873177
99
8
273
3
8.1496005
53.2670264
21
6
274
3
7.5948527
53.1312322
73
3
275
3
7.8907344
53.1135234
37
7
276
3
7.8755082
52.8998102
54
3
277
3
8.1186796
52.8983761
82
6
278
3
7.5631089
52.8887626
31
8
279
3
8.2965383
53.3755061
90
4
280
3
7.652463
53.3756249
76
8
281
3
7.7289401
53.0660316
34
2
282
3
7.6000087
53.0004299
91
4
283
3
7.9203143
53.3348204
39
1
284
3
7.9366675
53.0653747
40
6
285
3
8.3631564
52.8429746
83
1
286
3
7.7532938
53.0412231
29
4
287
3
8.128605
52.8909462
14
2
288
3
7.9014284
52.9668222
49
8
289
3
8.1097433
52.9180513
79
2
290
3
8.4338494
52.8891011
42
5
291
3
7.9983842
53.1507311
59
4
292
3
8.3713881
53.0832379
74
3
293
3
8.2382739
53.1244476
93
8
294
3
8.2077757
52.8504113
51
8
295
3
8.0625963
53.3350502
55
8
296
3
8.3653211
53.0898954
15
8
297
3
7.7400502
53.2910844
70
1
298
3
8.0029373
52.819373
56
3
299
3
7.8040267
53.3720753
65
7
300
3
7.6360206
52.8653226
37
8
301
3
8.2339328
53.0018054
30
3
302
3
7.7812019
52.89493
24
1
303
3
7.8399857
53.1643547
66
8
304
3
7.9721712
52.9376948
51
6
305
3
8.0994609
52.9812139
37
8
306
3
7.8188102
53.0158229
12
7
307
3
7.6152938
53.2405027
41
5
308
3
8.1426671
52.7913403
41
6
309
3
7.987606
53.3043119
10
8
310
3
7.8654115
53.1985422
60
7
311
3
8.2780316
53.2749531
21
5
312
3
8.3601262
52.7839692
15
6
313
3
7.8671044
52.836235
90
7
314
3
7.7461131
53.3372711
7
4
315
3
8.2902378
52.9610859
73
8
316
3
8.3239617
53.2301598
76
1
317
3
7.444468
53.2475808
73
7
318
3
7.7732364
53.1502434
27
3
319
3
8.0774833
53.3031289
35
2
320
3
8.1497597
53.2272701
21
6
321
3
8.0672662
53.2318651
48
3
322
3
7.7412209
53.2529516
18
4
323
3
7.5506232
53.2653124
47
4
324
3
7.7422757
53.2066369
48
5
325
3
8.4143596
52.8738951
71
8
326
3
7.520904
53.2775328
84
8
327
3
7.5515426
52.9301708
34
8
328
3
7.4439715
53.372221
67
4
329
3
8.2080345
53.1573032
4
7
330
3
8.253777
53.2291016
64
8
331
3
8.121608
52.9896889
54
8
332
3
8.2214015
53.326707
6
4
333
3
8.1372509
53.0786294
60
8
334
3
8.066523
53.2921418
1
2
335
3
8.1557572
53.018496
27
1
336
3
8.3359446
53.0996884
51
4
337
3
7.5326838
53.2539411
27
8
338
3
7.6419782
52.8629318
43
6
339
3
8.2547969
52.8996368
49
3
340
3
8.0401972
52.9100339
95
8
341
3
8.1468582
52.8230619
71
5
342
3
8.4262935
53.2251079
68
1
343
3
7.6927004
53.3355543
74
7
344
3
7.6152562
53.3713709
46
7
345
3
8.3988111
53.00842
29
8
346
3
8.0483657
53.0125046
58
8
347
3
7.8011471
53.2713378
5
4
348
3
8.0629885
53.0319882
17
7
349
3
7.9544198
53.1541672
77
8
350
3
7.7675495
53.2362968
44
4
351
3
8.1858639
53.2922101
26
6
352
3
7.4307231
53.0850698
62
8
353
3
7.752296
52.8718261
86
6
354
3
8.047183
53.2327976
18
8
355
3
8.0628607
52.9945168
77
8
356
3
8.099352
53.1315735
36
5
357
3
7.4663279
52.9509962
29
8
358
3
8.4101755
53.2775267
13
8
359
3
7.4691494
52.7950299
46
2
360
3
8.3183214
53.3668683
74
5
361
3
7.4954651
52.9978367
95
7
362
3
8.0890903
53.144244
76
5
363
3
7.8183018
53.0372959
5
8
364
3
7.9532326
53.0530703
85
1
365
3
7.4614072
53.3813764
66
7
366
3
8.2870474
53.2427882
37
8
367
3
8.0464777
53.3766551
69
4
368
3
8.1366269
52.8369368
32
2
369
3
7.8221255
52.892094
70
6
370
3
7.7251798
52.99646
62
8
371
3
8.381605
52.9932135
97
7
372
3
8.0666054
53.3647732
13
2
373
3
8.221714
53.261713
96
1
374
3
7.8406843
52.8817957
63
5
375
4
8.207337
53.2835882
61
1
376
4
7.6063777
53.0228002
89
4
377
4
8.1681496
53.0108454
25
2
378
4
7.8435514
52.8327165
4
8
379
4
8.1448402
53.0283063
46
5
380
4
8.3901056
52.8088377
32
8
381
4
8.2091375
53.1902091
24
8
382
4
7.6276163
52.8069847
61
8
383
4
7.6718371
52.9517062
12
5
384
4
7.8431732
53.1005735
72
8
385
4
8.2944888
53.3819167
15
8
386
4
7.9320444
53.2101125
32
2
387
4
8.0292603
53.3202258
53
8
388
4
7.925504
53.0705609
61
4
389
4
8.1110289
53.0892681
87
5
390
4
7.8773127
53.0153606
48
5
391
4
8.376448
53.0534533
89
8
392
4
7.4807286
53.3288039
70
4
393
4
7.6638416
52.9981036
92
8
394
4
8.1602339
52.9064161
42
7
395
4
7.9269531
52.9023997
12
5
396
4
7.9882545
52.9967434
84
4
397
4
7.7952797
53.2638805
78
5
398
4
7.8935645
52.8208381
29
4
399
4
7.8967108
52.8060334
34
8
400
4
8.3558464
53.114697
36
3
401
4
7.9449562
53.2193314
27
6
402
4
8.2472472
53.0055496
47
6
403
4
8.1648106
52.8810974
43
5
404
4
8.2413256
52.907357
3
3
405
4
7.6346464
52.9734689
23
8
406
4
7.5076208
53.1525993
77
7
407
4
8.4328981
53.0756698
80
8
408
4
7.9754867
53.150016
73
4
409
4
7.4853418
52.8813707
58
8
410
4
7.8464629
53.2187025
28
8
411
4
7.6102339
52.916187
75
8
412
4
7.5031921
52.9481149
30
2
413
4
7.6444286
52.8092912
21
8
414
4
8.2251405
52.8645921
76
6
415
4
7.4685055
53.0351296
19
8
416
4
8.0637603
52.8375329
89
8
417
4
7.5538156
52.90754
33
8
418
4
7.9974404
52.9598694
89
7
419
4
7.7184688
53.1889329
81
7
420
4
8.2770451
52.9888828
12
8
421
4
8.3843526
52.9166449
21
8
422
4
8.2354615
53.181341
15
2
423
4
8.1056997
53.3215644
15
7
424
4
7.541937
53.0630643
94
8
425
4
7.8973534
52.9699758
75
1
426
4
8.2701597
53.2983427
41
1
427
4
8.0731897
53.072082
93
1
428
4
8.2549825
53.0225893
99
2
429
4
7.6383195
52.8548568
25
8
430
4
7.9998203
52.8080071
49
7
431
4
7.5434082
53.0264048
63
6
432
4
7.9990542
52.9331742
20
4
433
4
7.4755754
53.1675652
17
5
434
4
8.4252105
52.8686961
41
2
435
4
7.8863046
53.0764905
12
3
436
4
7.860979
53.0911241
62
1
437
4
7.7458899
53.1476986
51
7
438
4
7.6043206
52.7849919
72
2
439
4
7.4661553
53.0973868
30
8
440
4
8.4171835
53.0009277
87
5
441
4
7.6454058
53.2745656
65
7
442
4
7.7622944
53.0432153
57
2
443
4
8.0247001
52.9249058
60
8
444
4
8.4232398
53.3494873
61
1
445
4
8.2256441
53.1083535
67
3
446
4
8.0834233
52.9566368
51
6
447
4
7.9432894
52.9589266
78
3
448
4
8.4599539
52.9530365
93
4
449
4
8.2486833
53.1366395
31
5
450
4
8.3919092
53.0997467
98
2
451
4
7.6952251
53.0185935
94
8
452
4
7.5264557
52.831288
19
3
453
4
7.6098079
53.1678095
30
1
454
4
8.1442215
53.1611522
49
8
455
4
8.3021229
53.1671904
49
1
456
4
8.2132842
52.9878155
55
8
457
4
8.4026442
52.7818848
28
1
458
4
7.853731
53.0665422
23
8
459
4
8.184176
52.8737943
71
2
460
4
8.1647195
52.9678437
31
2
461
4
8.4242069
52.8248376
13
3
462
4
8.4062407
52.9576242
40
1
463
4
7.8345439
53.239632
49
8
464
4
8.4189268
52.9929825
92
1
465
4
7.4746091
53.0384506
85
3
466
4
7.8802203
52.9248477
99
5
467
4
7.8094768
52.9216094
87
5
468
4
7.5057503
52.8264659
67
5
469
4
7.9523118
52.8977647
26
7
470
4
8.1430542
52.9644082
75
6
471
4
7.6451684
52.9703432
14
1
472
4
7.4614373
52.9138192
30
8
473
4
7.976644
53.2544774
59
6
474
4
7.8523229
53.2302668
76
4
475
4
7.628577
52.8922414
84
3
476
4
8.3546919
53.1143693
91
4
477
4
8.2470623
53.35394
43
8
478
4
7.8721991
53.1669277
23
4
479
4
7.4880827
53.3567697
3
2
480
4
7.7230619
52.9421006
17
7
481
4
7.6044651
52.9144373
36
3
482
4
8.1695274
52.8365069
62
2
483
4
7.8396838
53.1851109
69
3
484
4
7.7183506
53.088794
93
7
485
4
8.4377962
52.8755842
89
5
486
4
7.633668
53.1351314
54
7
487
4
8.350796
53.1047365
64
8
488
4
8.289761
53.1435496
52
5
489
4
7.8774339
52.8319768
50
8
490
4
8.423402
52.7880178
24
7
491
4
7.8042472
52.7970494
95
8
492
4
8.0316311
53.3020574
52
8
493
4
7.5113368
53.3786696
46
3
494
4
8.0690107
53.3004861
19
3
495
4
7.5760179
52.8507294
43
1
496
4
8.1166274
53.0907548
54
6
497
4
8.2899104
52.804465
48
3
498
4
7.7424972
53.0188216
18
3
499
4
7.4544776
53.1101266
43
8
500
5
7.4606334
53.181227
69
3
501
5
7.6965601
53.0940562
75
5
502
5
8.183034
53.119026
65
2
503
5
8.3887203
53.1996206
69
6
504
5
7.7579905
53.3489859
36
8
505
5
8.4070886
53.1968442
24
5
506
5
8.4492618
52.9957304
78
4
507
5
8.0362115
53.2581685
40
2
508
5
7.5927144
52.8014406
97
8
509
5
7.9285447
53.1961815
8
8
510
5
8.0112023
53.1083355
14
1
511
5
7.8828106
53.0045978
85
8
512
5
7.7060323
53.008702
3
6
513
5
8.2565262
53.3344106
61
6
514
5
8.3648237
53.2884488
36
3
515
5
7.9949438
53.0570012
6
3
516
5
7.7440535
53.0984636
65
3
517
5
7.6691557
52.9820667
75
5
518
5
7.452306
53.2278736
92
3
519
5
7.99877
53.2289101
87
3
520
5
8.0971787
53.3357439
36
3
521
5
7.9967531
53.1809884
8
8
522
5
7.8204117
53.0783813
61
8
523
5
7.9674666
53.3757835
45
4
524
5
7.9040837
53.3640707
5
8
525
5
8.1316664
52.9583327
33
8
526
5
7.6123587
53.2765512
86
4
527
5
7.6395132
52.9855037
32
8
528
5
8.2587408
53.0190766
35
7
529
5
7.9083795
52.8302143
11
6
530
5
7.8150267
53.3341036
53
3
531
5
8.0598391
52.8397884
73
8
532
5
7.5758071
53.1884856
12
8
533
5
8.2800896
53.0288041
82
3
534
5
7.5755847
52.9718817
51
4
535
5
7.4829588
53.2503168
95
8
536
5
7.4816429
52.8129127
81
3
537
5
7.9339268
52.995566
3
8
538
5
8.1746138
53.3130737
52
8
539
5
7.5235175
53.2872839
20
7
540
5
7.645805
53.3306112
59
7
541
5
8.0289431
53.2010422
3
5
542
5
8.1789498
53.3426458
80
7
543
5
8.4138831
53.0044472
64
8
544
5
7.9665541
53.360269
52
1
545
5
7.6822649
52.8504058
87
8
546
5
7.4790759
53.1928526
45
5
547
5
7.8769308
53.2598092
23
3
548
5
7.510062
53.3745343
79
5
549
5
8.0431399
53.3898683
53
1
550
5
7.7380407
53.2416389
71
4
551
5
7.8273028
53.2928544
96
5
552
5
7.6454703
53.1002718
91
3
553
5
8.1719698
52.8093085
7
6
554
5
7.6873371
53.2641194
21
7
555
5
7.7472481
53.0102268
55
1
556
5
8.2587083
52.8603961
64
2
557
5
8.2697878
53.3326336
61
7
558
5
7.7032311
53.2457942
28
8
559
5
7.86149
52.9319517
37
8
560
5
8.1736762
53.168213
42
1
561
5
8.0042185
53.1269217
63
8
562
5
8.3689943
52.7842495
4
8
563
5
8.2853106
53.1711103
26
5
564
5
8.1528267
52.882686
85
8
565
5
7.7556442
52.8504684
53
8
566
5
7.805044
52.7818751
90
3
567
5
7.6958062
53.3232633
21
8
568
5
7.7943706
53.3215887
72
5
569
5
8.4044959
53.2740445
82
4
570
5
7.7937001
53.2599864
97
8
571
5
7.9569913
53.3712165
25
6
572
5
7.4677811
53.1455247
42
2
573
5
7.4800363
53.333912
13
2
574
5
8.0909724
53.2309101
97
2
575
5
7.7579935
53.0221896
55
8
576
5
8.1624032
53.3491957
52
6
577
5
8.4380253
52.8700516
28
7
578
5
8.0397175
53.3087205
38
7
579
5
7.6557908
52.8423612
5
5
580
5
8.3006021
52.8782523
37
5
581
5
8.2727699
53.2342609
14
8
582
5
7.5412486
53.0900255
95
2
583
5
7.7011114
52.9054756
16
7
584
5
7.8094804
53.0719118
58
6
585
5
7.7839055
53.0688735
41
8
586
5
7.7768732
53.0360579
63
7
587
5
7.7253208
52.9934004
1
2
588
5
8.3387514
52.9268402
93
1
589
5
7.8429938
53.1143287
23
8
590
5
8.0004461
52.8813464
59
3
591
5
8.4499373
53.3865696
75
1
592
5
8.0868432
52.8197376
9
3
593
5
8.1987024
53.1004947
92
2
594
5
7.5478839
53.3488917
40
8
595
5
7.9605462
53.3301758
74
7
596
5
7.7405829
53.3252331
78
6
597
5
7.6239565
52.8012184
34
3
598
5
7.520406
53.3871246
56
1
599
5
7.5785806
53.0839187
47
4
600
5
8.448544
53.1367588
7
8
601
5
7.5883682
53.3300667
63
6
602
5
7.9053066
53.0624787
36
7
603
5
7.824866
53.1964885
69
8
604
5
7.5533158
52.8125744
92
8
605
5
7.7049345
52.8575298
98
4
606
5
7.4871405
53.3055861
12
8
607
5
8.4289244
53.1333278
82
4
608
5
7.5346298
53.386638
57
8
609
5
8.1589601
53.3519462
86
8
610
5
8.1045389
53.0146573
72
6
611
5
7.7479444
53.3518347
6
8
612
5
8.316841
52.8552622
15
5
613
5
8.2836453
53.2594425
78
8
614
5
7.7192041
52.8471218
65
8
615
5
8.4011935
53.3751612
89
1
616
5
7.795511
52.9084824
43
4
617
5
8.0227388
53.3605297
75
2
618
5
7.9858065
53.1659759
93
1
619
5
7.4869559
53.1178794
27
8
620
5
7.752819
53.1429122
26
3
621
5
8.4086193
52.7818336
67
5
622
5
7.4501181
53.2799918
53
8
623
5
8.356621
52.9382588
81
3
624
5
7.9103369
53.0453648
80
1
625
6
7.4607982
53.2393502
77
8
626
6
8.0307404
52.9751228
99
3
627
6
8.0973279
53.1873525
34
7
628
6
7.7181597
53.1767344
5
7
629
6
7.5070035
52.8513197
95
3
630
6
7.8992824
52.7983785
94
3
631
6
7.6611315
53.0946646
51
5
632
6
7.858916
53.1861017
70
3
633
6
8.2651831
53.0270512
73
8
634
6
7.8505024
53.0850676
43
2
635
6
7.4570188
52.9267747
80
6
636
6
7.5656828
53.0130427
45
7
637
6
7.9220594
52.8339574
68
6
638
6
8.1213148
53.161654
90
5
639
6
7.5062941
53.2412291
59
4
640
6
8.1799626
53.0466065
21
2
641
6
8.2518988
52.7973134
50
2
642
6
7.7888493
52.9779458
34
4
643
6
7.9101199
52.80177
58
5
644
6
8.0313681
53.1159593
48
3
645
6
7.5428747
52.976292
90
4
646
6
8.4427678
53.1129466
99
8
647
6
8.0615437
53.0253569
38
6
648
6
7.6248747
53.1897591
78
8
649
6
7.8533546
52.9026361
24
8
650
6
7.936817
53.1446256
10
6
651
6
8.0096524
53.3865378
98
4
652
6
8.1323661
52.7931998
6
7
653
6
8.061121
53.1515174
43
8
654
6
7.4527889
53.149929
22
6
655
6
8.3965921
52.865333
70
5
656
6
8.3813663
52.9719454
79
3
657
6
7.965391
53.2607942
54
5
658
6
8.1646554
53.3876443
91
6
659
6
7.710428
53.3054921
33
2
660
6
7.5714419
53.1414674
47
4
661
6
8.3377383
53.2588071
75
8
662
6
7.4743408
52.8839151
12
2
663
6
8.4542762
53.232756
56
8
664
6
7.8701126
52.9759208
41
4
665
6
8.2808441
52.7952021
63
1
666
6
8.417932
53.283088
36
8
667
6
8.0765041
52.8925465
7
1
668
6
8.1182348
52.8486366
93
5
669
6
7.7394622
53.3724804
56
4
670
6
7.7557418
52.8783936
65
7
671
6
8.0106463
52.9480636
24
8
672
6
7.8687938
52.998189
99
2
673
6
7.9078368
53.2469737
66
7
674
6
8.2685998
53.3028156
44
6
675
6
7.649872
53.0006715
84
6
676
6
7.4905202
53.3875347
83
3
677
6
7.825099
53.0338046
85
4
678
6
8.027675
53.2557415
10
5
679
6
7.647691
53.017323
62
3
680
6
7.9786935
53.2542618
32
4
681
6
8.3949472
53.1025114
60
5
682
6
7.6876783
52.9437329
15
4
683
6
7.6548381
53.3689431
1
7
684
6
7.7853047
53.3229921
2
8
685
6
7.4662202
53.2420469
53
8
686
6
7.6756081
52.78386
69
3
687
6
7.782077
53.2832375
79
1
688
6
8.0397366
52.9192522
53
8
689
6
8.3902627
52.8408545
94
8
690
6
7.753861
53.3815642
93
8
691
6
8.1863969
52.9630423
2
7
692
6
8.3629431
52.9871573
74
8
693
6
8.2174048
52.862627
53
3
694
6
8.4173924
53.1490516
5
8
695
6
8.1228898
53.3847191
48
8
696
6
8.2165596
53.3320266
94
8
697
6
7.9109682
53.1594422
78
3
698
6
7.5061761
52.9557446
41
8
699
6
7.8149012
53.34383
19
1
700
6
7.6058408
52.903426
62
3
701
6
7.8847362
52.8486978
9
8
702
6
7.8510247
52.9019193
99
7
703
6
7.4821926
53.0591002
33
3
704
6
7.8056755
52.8938966
38
6
705
6
7.7788845
52.8994922
42
5
706
6
8.0281267
52.9098109
95
8
707
6
7.4662028
53.3836338
17
8
708
6
7.9471419
53.3539765
90
8
709
6
8.0456987
53.2518331
68
1
710
6
8.4165923
53.2019064
72
8
711
6
7.84465
52.9953649
75
8
712
6
7.5858733
53.0503284
85
8
713
6
8.1472489
53.1693874
79
8
714
6
8.0716981
52.9639167
64
8
715
6
7.5521596
53.3188508
40
4
716
6
7.4997844
53.1331371
26
7
717
6
8.1981753
53.3722755
81
8
718
6
7.5984363
52.7834001
27
5
719
6
8.3949389
53.3847835
79
1
720
6
7.6247217
53.0671258
32
1
721
6
8.0503371
52.8331206
25
6
722
6
8.3721407
53.1442786
89
7
723
6
8.2457559
53.3889994
51
1
724
6
8.2846384
53.2578881
60
3
725
6
7.676683
53.3131836
93
8
726
6
7.9538812
52.8076572
23
2
727
6
7.7517815
53.0112661
57
5
728
6
7.9194336
53.133928
41
8
729
6
8.3043344
52.9123177
96
8
730
6
8.3838092
52.8074263
19
3
731
6
8.0702163
53.1154189
97
2
732
6
8.4453452
53.1404873
84
6
733
6
7.9750625
53.0027032
53
3
734
6
7.6822082
52.9589458
29
2
735
6
8.1328222
52.8286867
15
6
736
6
8.1688294
52.9334165
11
1
737
6
8.4530038
52.9507744
18
8
738
6
7.433813
53.3125242
88
5
739
6
8.4057456
53.0011055
64
4
740
6
8.1985768
52.8084195
85
6
741
6
7.5794593
52.9199993
51
7
742
6
8.1993238
53.2049038
69
4
743
6
7.9742095
53.3316147
56
8
744
6
8.3003507
53.2466136
29
4
745
6
7.6488701
53.1087804
96
4
746
6
8.2074129
52.8751904
13
5
747
6
8.2199018
53.3557231
8
8
748
6
8.1883327
53.0179585
16
8
749
6
8.3368025
53.0986681
42
3
