0
1
8.0688318
52.8171677
73
2
1
1
8.2474965
53.0008722
7
8
2
1
8.196902
53.1240453
94
8
3
1
7.7641842
52.8833404
13
3
4
1
8.1714523
53.2439898
92
8
5
1
8.3903176
52.8495375
97
4
6
1
8.414793
53.2115332
64
8
7
1
7.7100567
52.9691113
68
8
8
1
7.7601983
52.8147505
82
8
9
1
8.3767772
53.3656625
67
7
10
1
7.9473504
53.1453791
11
8
11
1
8.3729616
52.8057132
34
2
12
1
7.6600317
53.3575448
62
5
13
1
8.2473198
52.8267073
17
8
14
1
8.1467665
53.3528009
44
8
15
1
7.6867365
53.0267839
36
5
16
1
7.8783408
53.3674617
4
8
17
1
7.7874659
53.3596531
75
2
18
1
7.9683519
52.8540413
41
6
19
1
7.794937
53.0189279
10
5
20
1
8.1470809
52.794156
17
1
21
1
8.2418209
53.2543856
99
3
22
1
7.532678
52.9826445
70
8
23
1
7.7068156
52.8476761
37
8
24
1
7.4678422
52.9342218
92
4
25
2
7.8585028
53.131554
38
1
26
2
8.2963705
53.1850521
75
3
27
2
7.7302079
53.1927088
49
7
28
2
8.4151585
53.0123501
58
2
29
2
8.0132801
52.8448221
48
6
30
2
7.8409672
52.9714913
92
7
31
2
8.1527492
53.0297659
21
8
32
2
7.8004311
53.1459633
43
3
33
2
8.3494116
53.0870081
39
8
34
2
8.2370636
53.1495261
78
4
35
2
7.6313131
53.3830711
67
4
36
2
7.4334498
52.9450438
42
6
37
2
7.8001676
53.0695504
3
8
38
2
8.0701442
53.3451702
39
3
39
2
8.273701
53.0380271
7
6
40
2
7.7661237
53.0352888
70
7
41
2
7.7947252
53.2298049
18
8
42
2
7.8519505
53.2012173
46
2
43
2
7.4553858
52.9896085
53
6
44
2
7.4721705
53.3497958
2
1
45
2
7.9063344
52.912315
70
5
46
2
7.9849505
53.1301987
84
6
47
2
8.0127632
52.8312462
44
4
48
2
7.8139233
52.8654655
94
6
49
2
7.576246
53.2753809
83
2
50
3
7.9712304
53.1820507
32
4
51
3
7.4805643
52.8106765
36
4
52
3
7.8444896
53.3298967
40
5
53
3
7.9762088
52.8922142
54
8
54
3
8.3166173
53.2212029
73
8
55
3
8.3664918
52.9401615
67
8
56
3
8.1907118
52.8699751
31
7
57
3
8.2091049
53.0260364
29
3
58
3
8.0435976
52.8199253
95
8
59
3
8.1959899
53.2739065
96
4
60
3
7.9161553
53.166564
84
1
61
3
7.4314205
52.798759
82
8
62
3
8.1069523
53.1808706
68
8
63
3
8.0843657
52.9966415
66
1
64
3
8.3586183
53.0760382
9
5
65
3
7.9478033
53.2102654
37
6
66
3
8.2758065
52.9078228
21
1
67
3
7.8001178
53.0341747
43
3
68
3
8.3522932
52.929651
1
1
69
3
7.7013088
53.1674742
29
1
70
3
7.6675295
53.2176965
51
7
71
3
7.4782627
52.94732
67
8
72
3
8.3843406
52.797709
39
3
73
3
8.3504505
53.3328246
38
8
74
3
8.3381628
53.0769532
57
3
75
4
7.6258122
53.0478762
48
8
76
4
7.6700208
53.0371691
56
3
77
4
8.017309
52.7806924
17
3
78
4
8.4147676
53.1414008
71
2
79
4
8.0347988
53.322579
41
8
80
4
8.2139729
53.002687
32
1
81
4
8.4307459
53.1554974
75
4
82
4
7.822496
53.0051389
44
4
83
4
8.3021835
52.8781732
87
6
84
4
7.5398826
53.0138837
77
1
85
4
8.2691262
53.1330739
87
4
86
4
7.5105128
53.2398151
54
7
87
4
8.079794
53.3541419
75
8
88
4
7.5866348
52.9736794
3
3
89
4
7.5952528
53.35628
58
8
90
4
7.8695762
53.1736032
73
2
91
4
8.3814763
53.265555
64
5
92
4
7.9446752
53.276885
52
3
93
4
8.3883784
53.1813321
25
8
94
4
8.0050881
52.9634713
27
8
95
4
8.2042268
53.2939877
99
4
96
4
7.4574638
53.1384878
9
4
97
4
7.6225172
52.7943685
93
4
98
4
8.1695936
53.037676
31
6
99
4
8.130758
52.814081
36
8
100
5
8.4075543
53.2986667
81
7
101
5
7.7719775
52.8005756
18
8
102
5
8.0600906
52.986638
85
6
103
5
7.4590091
52.8140376
49
8
104
5
8.3043956
53.042622
14
2
105
5
7.7016222
52.8883586
61
1
106
5
7.456123
53.0914624
95
5
107
5
8.1869938
53.2601789
66
8
108
5
8.4430359
53.2666783
13
8
109
5
7.5635914
53.0818628
51
2
110
5
7.5027204
53.0155669
82
1
111
5
8.4011736
52.8000829
54
5
112
5
8.2294383
53.1187129
34
2
113
5
7.6277634
53.0792878
72
1
114
5
8.0408223
53.3107719
76
6
115
5
8.167111
53.3835543
1
8
116
5
7.5214895
52.9349864
89
5
117
5
8.1209587
53.0217673
76
4
118
5
8.0328082
52.8425284
8
5
119
5
7.9498808
52.8969416
79
2
120
5
8.0956983
52.9108059
26
8
121
5
8.4422017
52.9082468
20
2
122
5
7.833741
53.3831987
85
8
123
5
7.5776294
52.8256914
76
1
124
5
7.6253934
53.1896137
72
6
125
6
7.6586152
53.3283789
77
2
126
6
8.0422481
53.212627
59
8
127
6
7.7622571
53.1298998
79
7
128
6
7.6518212
53.2175842
47
6
129
6
7.8959779
53.0831989
90
7
130
6
7.4614425
53.1786927
16
3
131
6
7.8254557
52.7879298
82
1
132
6
8.3492416
53.3535938
4
6
133
6
8.2821379
53.383062
37
2
134
6
8.0755114
52.8705582
95
7
135
6
8.0612254
52.9313731
40
7
136
6
8.1497716
52.9272435
65
5
137
6
8.1132614
53.0369064
60
8
138
6
7.6048297
53.3072826
36
7
139
6
7.622316
53.1205824
59
1
140
6
7.7396283
53.026502
61
8
141
6
8.2566261
53.3281718
14
2
142
6
8.3871097
53.2842838
84
8
143
6
8.4093195
53.3404933
59
7
144
6
8.1206587
52.785433
47
3
145
6
7.4697727
53.2586585
34
4
146
6
8.0694581
53.0647687
77
8
147
6
7.6826895
53.2478847
7
8
148
6
8.1320338
52.8650793
93
5
149
6
8.1163071
53.2485969
3
2
