0
1
8.1270446
53.0118286
35
2
1
1
7.7773362
52.9064822
95
3
2
1
7.6439024
53.2152972
74
8
3
1
7.4949291
52.868602
75
2
4
1
7.9927233
52.9306101
84
8
5
2
8.2328788
53.2169391
11
1
6
2
7.5628761
53.3463202
43
8
7
2
8.4460832
53.0296304
50
2
8
2
8.190841
52.8716539
48
8
9
2
8.0857546
53.2087048
92
8
10
3
8.1675408
52.9086463
59
8
11
3
7.957269
52.9441818
10
8
12
3
8.4515701
53.1799609
75
8
13
3
7.4497117
53.0010907
81
8
14
3
8.1286179
53.1008417
63
8
15
4
8.1963979
53.3477237
27
3
16
4
7.9199143
52.9456211
69
2
17
4
8.4260732
53.1550205
39
8
18
4
8.4175101
53.0942463
44
3
19
4
7.5294018
53.3624054
34
1
20
5
7.4613601
53.205376
81
1
21
5
8.1768779
53.383106
81
2
22
5
7.8189712
53.0588425
30
1
23
5
7.7557179
53.1816541
90
1
24
5
7.8585649
53.2940033
25
8
25
6
7.8908108
52.8943566
19
2
26
6
8.4126339
53.3762178
23
1
27
6
7.4507022
52.9754273
38
3
28
6
7.4872312
53.2577636
86
8
29
6
7.9263869
52.95824
95
3
