19720.87888966201
19348.226985930065
49042.03156280026
39218.5086058188
7999.928628632034
46318.67398593003
69696.44306166159
42709.71371857429
17915.11798593006
45157.08398593004
16407.274035747574
10179.538285218443
53602.63020268067
47595.93198593008
30877.951124554453
62407.93853388802
11203.898055531869
50764.457129877286
45357.52454599158
69847.73700065145
62355.043985930046
67071.56906393834
25954.230874923138
42033.12698593005
56641.41953737814
10346.01807471964
70806.69050714966
44941.78651870586
61697.05804158585
11567.628822193446
49918.76432900047
21298.99542526851
56920.18000213865
14746.266457891992
38701.9390679705
74325.98142526859
76773.99050099993
73391.46215791273
51302.770425268514
67078.46342526855
50018.68247508602
35252.63472455691
83800.51564201916
32466.959425268516
56735.58556389295
86103.23197322643
33595.96380405526
80962.34256921578
75555.40998533006
76443.1174399899
58953.77542526853
90766.86250327686
41017.452314261594
53982.82542526851
69696.52697671662
30380.35080170284
98823.9279464882
28023.760958044313
61795.96348092431
35301.89428316391
47362.520672654755
20475.509768922788
57123.20234579293
17676.613801546275
34893.42941162477
71956.61876892288
76977.01284465422
70835.21850156707
45137.698768922775
65924.26776892281
43853.61081874028
32696.391068211182
81244.27198567345
34526.9247689228
54366.22290754726
84949.03631688071
31039.720147709566
78406.09891287006
72999.16632898436
76999.08478364418
59509.74276892282
89612.66684693114
41194.409657915865
54185.84776892278
69899.54932037089
26143.10614535712
96454.56529014249
30165.69030169858
62351.930824578594
32932.53162681816
7261.831252487836
30005.98899999999
42774.65857687015
49258.65161988875
13340.700723497073
29455.65699999999
61450.793075731446
32068.184732644244
29033.884000000002
27982.956000000002
23582.12904981753
14199.392391258461
37670.36521675063
45414.86399999999
13703.82313862442
45233.81054795801
16161.753069601808
35053.74214394725
30845.56056006155
62874.36801472136
57720.69399999996
49897.441078008334
20477.660888993065
33060.64199999997
39990.39155144812
22147.947376434324
53943.67352121963
46013.72295510077
55986.18605565578
14174.24485789537
29041.158252487832
57746.999
44013.864576870124
71410.51161988871
42225.93172349706
3133.899999999999
53880.628075731496
32878.02073264424
47542.80300000006
12351.209
42268.00804981751
43084.62339125845
21112.885525244285
66720.71799999996
19484.799993018416
16449.39754795799
43902.76306960182
25127.68514394725
26258.919560061528
55304.20301472141
61684.518999999964
21113.02807800836
39091.55588899307
36788.02799999998
29394.440551448093
49888.95737643432
25517.050521219622
67319.57695510077
57127.47905565574
41915.25485789537
34835.98669336512
39864.84444087732
12238.476501715986
46027.385544734585
34941.16016437437
36448.847440877296
32892.88800057729
55783.65817352156
53616.99644087732
25411.7684408773
48165.24149069482
31856.66874016569
54368.2146576279
35202.91292484583
30435.026433895688
38044.09098883529
29996.516510479112
52279.22358482452
51282.87400093884
33044.181939567185
28261.03592484581
41651.35177049537
16154.083329870362
2896.9909248458084
18610.692476293905
35982.710817311636
54815.36096209691
36123.64187994659
25966.195980501554
28439.207298772682
50166.40947470381
78002.5942222159
54147.82579908614
90615.91384210471
63351.182945713044
23593.634222215973
62204.21529794742
49378.22957572197
68668.054222216
31119.86522221597
63393.259272033465
64209.874613474436
29949.61136832197
83584.87522221595
40404.16721523441
11985.032608656202
64822.1302918178
33964.41098702492
41663.42240313922
63340.43823693734
71818.48022221598
15400.49255183408
58795.627111209
49299.078222215954
38495.453773664085
70808.32459865029
6309.7373642973025
84505.60417731675
66571.2952778717
62834.62208011135
11312.865312296928
32279.324059809096
34501.6485370528
49253.32558007141
18454.967783306176
28523.8020598091
53177.7830359141
36119.21879245334
34327.0870598091
21592.21296018265
28875.332109626626
19249.39045106756
38613.260276559726
44563.531960182634
12299.393198433516
40442.60950814067
18435.088129410902
36524.26920375637
34811.63461987063
54601.357974904015
49447.68396018262
45106.24003819099
16934.369849175728
24787.631960182636
32069.69651163075
24421.28243624343
53021.74858102872
45162.39091528342
47713.17601583843
16447.579917704465
25587.33725248785
26711.022
27740.30557687017
39283.358619888764
21444.313723497085
37460.248000000014
48394.717075731474
48360.60073264425
40120.150000000016
27867.788
34668.39504981751
18702.84629928838
49042.36821675062
34391.52900000002
23001.9969930184
46892.556547957945
16842.69406960181
46953.37714394724
45762.71256006152
48546.011014721356
42129.84
51556.18707800827
5835.802888993068
20108.837000000007
34717.1295514481
22828.88837643433
61313.16952121959
34990.38795510077
40395.33205565577
15285.384857895373
14251.130988158497
38825.397084426564
59477.87266129673
58700.38570431529
20550.294807923627
34523.71208442655
78337.51516015807
19011.543029066357
15225.80008442655
37719.53108442654
11534.824134244067
22046.157475685017
33071.834513172755
61327.275084426525
22582.468223050957
51765.86063238453
25268.408154028366
30554.915977174758
23371.81385648366
79761.09009914797
73808.56608442652
56429.49116243485
36390.07197341962
50307.26408442656
53988.44063587467
30780.474460860885
57938.21981764174
61926.13403952731
72132.89914008229
23999.789920689942
