67007.50404907955
43971.43839690019
40274.81357644249
50792.237211186846
83058.6643053834
13646.809714267147
55578.11243784702
67635.98300519325
12566.323828682416
22409.090658503388
54305.012262592674
18572.24900123068
20324.902984173033
11919.461957381887
53129.326618653344
50596.512880997405
69451.34771332184
23287.683493778313
53622.33279865844
10898.180339973482
53389.827920098134
15314.292027209121
83899.16552809022
12888.640175370896
72219.16509675863
73224.44200764358
65344.18857644246
71415.93266282413
63059.71360855803
56556.605900191986
9681.352477392253
42371.072829307705
32641.443008849983
19035.13438000142
17752.569737790913
70454.53491026073
52733.891579510404
15631.7471468566
63644.760711722214
54743.63985198252
27849.930020898646
78069.96443363818
52385.28141658054
56987.84219272404
53086.8304935696
53142.34602266079
5038.340854985199
57038.6619261858
52399.30023106596
57876.335546134316
16789.13335250565
61329.50045961658
17404.423960497763
74367.6716077784
11181.974529166142
8514.575988747329
59086.68171810578
37017.41280561851
42752.84833029854
40211.56804185536
27064.20221976425
61091.831571679715
41995.15075122195
37562.17512237343
20571.5384801629
77661.53665263279
48215.610612626515
12175.957920532677
71742.6374540942
59731.982594354515
30217.80205401478
84431.27517601017
67567.53815895246
71517.84393509595
51360.414526685716
51432.777055776896
16922.27188810135
61332.97219522029
71256.63597343795
70385.22328850624
28311.956094877656
69616.55620198861
19212.359702869744
81574.6733501504
25424.744271538137
20073.786731119337
51426.92875122197
25362.641838734664
35093.09536341474
42721.8470749715
59821.55619744391
33332.04218681732
37311.75072480684
43606.2893595512
75872.71645374771
36439.48462621762
68015.57458621138
63495.19315355761
32660.184977046803
35023.32280686776
53788.199410957044
41987.64614959504
10491.932132537408
15290.650908680898
66054.58376701774
63521.7700293618
63872.4328616862
35901.91564214268
34021.650209437285
18247.864262091134
47810.91306846251
32564.373175573506
76713.21767645462
36314.86432373527
65033.21724512297
66038.4941560079
76833.35972480683
75406.99181231954
67850.32375692241
60466.70304855638
8560.427773437965
47051.492125353434
37977.18517738729
23715.553676047144
14247.530033836643
75790.27707879801
54622.80803879188
17520.66360613809
68980.50288025952
58516.26602051986
29738.846480180124
83215.55860217547
57065.700712626276
61668.26148876978
54975.74695285108
55031.26248194227
6927.25731426669
60117.25562138564
56591.433527111636
62556.75484218005
22124.875521042974
66665.24262815392
14134.968129035095
79703.41377631568
8505.880825211854
4341.578157284667
60748.47917738729
36042.76426490001
44414.645789580056
42100.48450113683
33211.214600504325
19025.79394832496
14712.588127867228
16563.560762611636
49262.37485680819
41529.292029278025
49280.24698927183
36872.604556618004
35510.124830739514
31624.27620992816
32264.61281401746
49144.72155265544
22675.239535597808
27277.8003117413
49633.185903331025
49330.295432422194
37249.84426474658
32502.869045203086
32901.26035008322
28166.293665151545
21188.324471522916
33979.33257863387
50102.876079515
45138.71072679566
38422.87564818341
39428.152559068316
58098.032127867256
52285.50621537994
48395.2141599828
41011.59345161677
53274.06547263711
61232.85382045767
31459.204
46897.48037115143
57392.37072894091
52146.69090141078
11725.78986140457
36183.86742875079
46227.791702872266
35088.88484313258
18863.76630279283
58916.42942478822
54897.20640773056
53120.00138093942
13450.358775463765
13505.87430455495
40391.115136879365
36641.71844399833
75108.32022221592
51026.565537284296
36543.89586263282
45259.05445076664
56788.01295164777
56059.82759892844
53989.509520316176
48638.55197989734
18770.443000000003
23876.74308638169
11216.162032115575
19025.266323749544
70606.67089517153
68015.04924299223
41772.15442253446
58656.60979368587
76766.67315147536
28727.493323945244
25280.05428393903
55726.49785128525
29576.575125406744
25975.537265667044
37835.046108684706
32267.50253633666
50279.68283026505
44648.38180347389
23005.129464745347
20796.08572708941
59765.417559413785
24787.751866532795
79032.75064475043
42554.94595981876
52944.824766190126
29678.257873301125
76162.31537418216
33679.5030214629
73363.81194285056
68012.85440243175
30907.891422534463
49008.66550891617
37242.59445465004
40086.63974628401
65045.779885160075
77062.50523707556
47020.36241661778
61764.40778776922
62836.97614555875
61824.19531802853
16100.453278022347
44433.23984536857
58522.77111949005
49630.03825975036
34282.172719410606
66276.56353042001
71113.4168243483
69336.2117975572
18740.454192081543
21273.179225241453
50575.73755349716
48959.50286061609
90937.97163883381
67242.77595390206
50878.21927925059
58136.76786738442
61477.797368265594
66776.2050155462
63607.80493693391
58256.847396515106
12133.727416617778
23475.47150299946
15757.816028810535
34443.67274036732
44096.79707273268
28847.244420553277
14689.928600095562
26251.778971247026
60147.957329036544
28648.22598407406
43853.708944067876
42051.098028846354
22438.41678553554
17835.3321647242
29626.333768813507
36263.65550745148
17144.886490393834
19848.147266537326
42871.17712487414
40338.3633872182
43866.46273697492
18713.92499999912
41509.51482231157
17863.394619947558
27804.942943751255
20833.065533429926
59830.9305517433
32257.6446815917
49308.45812041174
50313.735031296674
52671.4940826633
51897.77117017603
43688.458114778856
36304.83740641282
