38151.826926002876
61755.839566810806
12979.777536522797
23807.12674427254
33867.00168492099
45826.269331449184
14623.883269844328
37512.84210162699
27311.425684920992
53774.33156254983
36964.26457383274
5916.29531699523
45936.527375630394
31109.20911972332
8439.846283517085
29148.540356364792
23855.34599029909
34852.1268890342
56509.54268492099
31115.502731490178
38149.17535398338
62243.714933193834
38156.56768492098
12627.828867600212
44791.902687974354
25691.40545967222
58061.80644186928
48424.35263165102
52808.172737765584
65429.91305685973
35206.25986547355
49252.78750628144
49865.113877397314
69369.33008514707
75884.96662439161
86412.72927091978
57503.081610718866
45708.61973856446
62373.45662439159
19520.812903424383
35941.40151330342
63869.22465786975
77371.069315101
43249.55846059785
60815.58262439161
40984.0926972393
53810.440826650636
33364.08122990873
8192.138624391615
56944.5462841726
49280.95669485794
3029.570274068354
76575.63962439161
66790.27720847473
69143.89462744496
50902.80539914284
29841.649381339917
55616.39629414728
42369.4576772362
46238.6399963304
26690.911423242276
12274.07538804529
64230.7037591613
84526.39596691089
60876.005506155496
70903.61340751089
71265.55849248267
69478.72762032835
51657.960506155505
52097.85778518828
29384.77839506727
69354.10353963367
54648.039196864906
65108.85434236173
69542.87550615553
62745.758579003224
69606.18070841451
55223.37711167262
31420.716506155517
44017.71116593649
72144.0335766218
40463.07015583224
61566.67850615547
76572.02209023866
44880.02750920889
43946.86328090673
10195.378150829234
26061.169175911153
12751.237559000065
9117.339878094259
27102.248548621246
16666.766513424274
64642.04088454028
84952.66409228991
62751.98463153444
73279.74727806257
71691.82661786166
69890.06474570732
53183.992631534464
52475.94091056725
30245.920520446245
70344.53466501266
58087.7183222439
65520.19146774071
69969.1436315345
63157.095704382205
70017.51783379352
55634.7142370516
31798.799631534483
45543.74329131545
72555.37070200079
40841.153281211205
63442.657631534414
77270.40321561761
48319.706634587885
44937.294406285735
10573.461276208216
28719.41030129013
15338.565684379048
12887.474415310968
14626.152719152395
12904.622937434933
52444.762731076196
71535.69693882584
48422.74805554512
58950.510702073276
58274.85946439768
64267.1245922433
39054.99605554514
54136.37475710325
16394.07936698225
56492.6935115486
47463.47474625453
58770.70431427668
56552.176478070454
54658.56355091815
60912.010680329535
50011.774083587545
33875.13747807046
31414.746715326128
66384.75954853673
43561.38512774721
49113.42105554509
63710.61206215357
37695.463058598514
31085.453252821677
16886.935812493444
18095.166725300805
3847.5551083897058
13937.201427483904
13204.711089631515
38662.3467304394
32734.72243521475
53300.4516429645
50962.950848549626
61490.71349507778
40039.61416853627
38269.858296381906
37051.62984854959
30795.763461241804
12248.628737461366
43094.92421568721
52449.05353925902
33014.39001841529
40861.00818220907
29839.85625505673
37931.846384468045
24014.507787726165
20439.250182209063
32022.5305083306
40878.53725267535
29148.387831885786
51653.6238485496
47482.48876629216
44967.361851602946
25580.978623300798
26470.263605497887
32232.00751830525
29059.627901394153
40322.062220488326
48636.424313382915
74094.05995419077
15533.305523075236
23267.31853305649
59381.17907230104
71340.44671882919
19158.578291632977
19002.696890410964
50869.046072301
48418.91335133375
47448.86196121278
31610.131105779194
71450.70476301039
21698.458891773447
26677.824072301035
22284.79114514873
6033.981274560062
28872.241677818136
53222.53407230105
53019.61211887018
14690.092142767335
56598.218721977806
63670.745072301026
31224.820656384185
68349.52307535436
46665.79584705226
63752.169829249324
66817.71474205668
64491.34112514557
75914.51044423979
7757.933556069217
32562.04619687709
35362.03430074231
54452.968508492006
38893.37331498729
49421.13596151545
41192.13103406379
48091.60886584646
24759.299314987285
43373.265326769324
5277.4057569775905
38695.88834846544
40379.47600569671
41687.97588394278
39469.44804773656
37575.83512058427
43829.28224999557
36190.00565325371
30658.354314987315
19910.296361556477
49302.03111820285
40450.00096466405
39584.04631498727
45913.80689907041
32956.62531804067
13288.648089738514
27667.913071935596
24964.250984742946
23073.19836783185
34496.36768692605
37511.92474611203
58787.76638691991
23693.340758035818
30733.269965785592
24951.0835050301
36910.35115155829
24585.743491357356
45238.79332314004
19350.966505030112
58556.78378406291
35325.8959470204
11446.330538508262
37402.8741957395
38835.16034123636
18316.614505030117
36190.8645778778
34568.909211812104
41100.31211054724
57474.0195050301
24644.444551599303
46449.21557549643
63808.646154706876
29240.649505030095
18664.24908911324
36831.44350808346
20149.94827978133
57421.90426197844
41953.294451760165
49840.09955787469
62682.691876968885
20913.13649435818
16933.97777113238
58731.746506282
77822.68071403165
55187.127253276216
65714.88989980437
64561.84323960348
64351.48100341541
45619.13525327626
47556.088168275346
22681.063142188035
62779.677286754406
53489.23194398567
59981.6077254488
62839.160253276255
57618.511962090284
64478.93409150161
50096.13049475969
27294.850889242593
37978.885913057245
67016.78695970884
36981.098538919316
55877.80025327619
69997.59583735939
43721.22025632966
37372.43702802749
10053.672646190887
24120.923923031918
10740.079306120822
14253.684261181348
