7
1
7.7537484
52.9230619
29
7
19
3
7.6694121
52.8394257
38
7
25
4
7.9603788
52.9239685
12
7
29
4
8.0316763
53.2283345
20
7
33
5
7.6948594
53.0049193
45
7
4
1
8.1926784
53.2396793
49
6
13
2
7.9467269
52.8415913
99
6
27
4
8.3248166
52.9042708
68
6
45
6
8.3535138
53.3795556
90
6
11
2
8.0919993
53.3384479
38
5
14
2
7.8539148
53.2748469
41
5
18
3
8.410351
52.9634558
38
5
35
5
8.2366571
52.9866549
13
5
36
5
8.4276057
52.9453863
28
5
47
6
8.2810865
52.9011555
48
5
48
1
8.3023063
53.2555173
75
5
3
1
8.1303241
52.9626785
59
4
5
1
8.0762312
52.964792
71
4
23
3
8.1115759
53.2723443
30
4
32
5
7.737553
53.1351126
36
4
44
6
8.2132713
53.0263928
62
4
46
6
7.5417535
52.8780408
99
4
10
2
7.8607674
53.3025714
30
3
38
5
8.2285206
53.1469362
6
3
41
6
8.0189353
52.8813066
12
3
43
6
8.1943516
53.1172632
75
3
1
1
7.8426949
53.0103099
57
2
16
3
8.3908305
52.802276
10
2
24
4
7.5812762
53.0604348
6
2
34
5
8.336323
53.0692124
33
2
37
5
7.5398563
52.8744091
87
2
0
1
8.1153614
53.0702839
9
1
26
4
8.2140622
52.9773111
64
1
31
4
8.3719633
52.8099949
1
1
39
5
7.8879258
52.9543584
39
1
40
6
7.786768
53.1726787
95
1
2
1
8.3541407
53.3857956
100
8
6
1
8.0060864
53.1964039
72
8
8
2
8.425183
52.9022038
75
8
9
2
7.9288664
52.9869647
99
8
12
2
7.8127391
53.3693141
19
8
15
2
7.6106218
53.260819
85
8
17
3
7.7650955
52.9896168
15
8
20
3
7.732459
52.8630705
24
8
21
3
8.4260407
52.8791933
30
8
22
3
7.519245
53.1627186
40
8
28
4
7.4808138
53.040404
4
8
30
4
7.6259577
53.1119789
96
8
42
6
7.5717686
52.7922209
93
8
49
2
8.4053875
52.8137931
39
8
