0
1
8.3096537
52.8772521
79
7
6
1
7.7870853
53.3769535
72
7
17
3
7.7387729
53.1610791
34
7
23
3
7.4672149
53.3110874
75
7
26
4
7.7056875
53.3317156
8
7
37
5
7.8695559
53.2489933
72
7
42
6
7.6545417
52.8792891
72
7
44
6
8.3533905
53.3828645
15
7
5
1
7.6308934
52.9242765
51
6
13
2
7.952181
52.9195023
59
6
14
2
8.0749352
52.9041559
50
6
31
4
8.2570209
53.2661712
75
6
34
5
7.4703137
52.8044248
92
6
38
5
8.1386298
52.8391064
23
6
43
6
7.901496
53.1900225
68
6
7
1
8.0085097
53.0048285
91
5
8
2
7.4747432
52.8146666
71
5
15
2
7.57746
53.2344391
94
5
16
3
7.6734801
53.327878
23
5
20
3
8.3139323
53.3639783
16
5
21
3
7.5270129
53.129545
68
5
22
3
8.322738
53.0826006
34
5
27
4
7.5821789
53.0386339
95
5
29
4
8.2033972
53.2994521
25
5
32
5
7.9545992
53.3408055
38
5
35
5
7.73266
53.0850938
39
5
45
6
7.4713025
52.8116033
27
5
1
1
7.5251704
53.3350753
46
4
4
1
7.5379936
52.894021
10
4
9
2
8.2200808
53.3374643
64
4
18
3
7.7639038
53.3731071
93
4
24
4
7.8377851
52.8011071
57
4
25
4
7.9045215
53.166454
98
4
30
4
7.901959
53.126322
33
4
36
5
7.4730026
53.1178963
81
4
40
6
7.690859
52.8369381
17
4
41
6
7.8146001
53.0218347
8
4
47
6
7.7900561
53.3532327
88
4
2
1
8.2345471
53.2784122
65
8
3
1
7.6194038
53.2244098
83
8
10
2
8.4317636
53.200447
23
8
11
2
8.2690022
53.0218072
49
8
12
2
8.2441007
53.2958272
23
8
19
3
7.7138164
52.9099335
53
8
28
4
8.1899355
52.8079034
67
8
33
5
8.0292406
53.1284747
5
8
39
5
7.4382157
53.2176367
16
8
46
6
7.8346306
53.082456
86
8
48
1
8.3088558
53.1979237
84
8
49
2
8.3079482
52.9238641
38
8
