2
1
7.8738985
53.3734719
28
3
3
1
7.9240297
53.3812438
76
3
6
1
7.5204525
53.0407207
20
3
14
1
8.1556737
53.2132007
84
3
21
1
7.6189579
52.8625585
96
3
26
1
7.8570333
52.8537647
54
3
28
1
8.0956059
52.8650463
22
3
33
1
7.6946866
53.2010939
62
3
35
1
8.160023
53.2028365
97
3
37
1
8.1719093
52.9278528
91
3
44
2
8.0022924
53.2113424
55
3
49
2
8.1889739
52.9049194
53
3
53
2
8.0949584
52.9351333
44
3
57
2
7.5915319
52.8505407
1
3
63
2
8.1908692
52.7895642
21
3
79
2
7.8149205
52.8952639
38
3
83
3
8.4357545
53.3690563
53
3
85
3
7.6256271
52.994157
35
3
86
3
8.111899
52.8909205
14
3
88
3
8.2450592
53.0126002
15
3
96
3
7.8145762
53.1924246
33
3
108
3
8.1714366
52.8136904
64
3
109
3
7.5497544
52.9368774
76
3
113
3
7.7873757
53.0388368
23
3
118
3
7.7291999
53.3457201
26
3
126
4
8.1252667
53.0090317
61
3
128
4
7.5499456
53.2712947
60
3
133
4
8.0885824
53.3777059
90
3
144
4
8.0589553
53.252856
95
3
145
4
8.192572
53.0907836
82
3
155
4
7.9649186
53.3512609
38
3
162
4
8.2123576
52.8059886
22
3
172
5
8.2201765
53.222911
81
3
177
5
7.6036084
53.2082749
28
3
179
5
7.7650977
52.9294301
52
3
181
5
8.3725593
52.8896889
86
3
189
5
7.445392
53.1117434
19
3
198
5
8.3953896
52.9422127
30
3
205
6
7.9850854
53.0928889
85
3
209
6
7.878309
53.3077951
15
3
214
6
7.7401375
52.8812526
64
3
216
6
8.3322328
53.2781864
65
3
221
6
8.4333488
53.3743288
2
3
222
6
8.4499957
53.1326649
38
3
224
6
8.4204132
53.0082867
63
3
233
6
8.0824982
53.0702473
90
3
235
6
8.3397006
53.3474665
19
3
236
6
8.2214049
53.2530523
31
3
244
6
7.9384179
53.147847
7
3
248
3
8.3087713
52.9377242
81
3
16
1
7.8454776
53.2703511
24
2
19
1
7.5021878
53.2459936
17
2
22
1
7.9560106
53.1753602
22
2
27
1
7.7367356
53.1250914
67
2
30
1
8.1889468
52.960735
33
2
31
1
7.9512753
53.2686023
87
2
32
1
7.6833792
53.3121201
25
2
40
1
7.654393
52.8873183
29
2
42
2
8.1137928
53.1735596
8
2
56
2
7.7129382
53.2993443
60
2
61
2
7.4399843
53.1439746
45
2
64
2
7.6195107
52.8940393
77
2
69
2
7.6951777
53.1119026
54
2
71
2
8.4127009
53.1791423
62
2
80
2
8.0597527
52.8651913
66
2
82
3
7.6985497
53.2521844
3
2
99
3
8.0527629
53.1420982
61
2
103
3
7.8005943
53.0007202
90
2
107
3
7.7240026
53.2498461
6
2
114
3
8.0769456
53.1774296
7
2
116
3
8.1296937
53.16913
83
2
121
3
8.1989721
53.2051178
91
2
123
4
7.4737042
53.0031486
89
2
127
4
7.9318739
52.8360743
4
2
129
4
8.457033
52.8682932
47
2
130
4
8.1504845
53.0091594
46
2
131
4
7.6752702
53.087398
39
2
132
4
7.5504607
52.957534
93
2
138
4
7.6919041
53.3562085
50
2
141
4
8.1373066
52.8609496
84
2
147
4
8.1602034
53.196076
33
2
148
4
8.4545791
53.0396667
15
2
153
4
8.1466204
53.1353443
79
2
156
4
8.1239556
52.9941589
88
2
159
4
8.1135043
53.1439331
95
2
169
5
7.4926299
53.0191114
84
2
173
5
7.5712983
52.9820123
5
2
178
5
7.6329741
52.7987451
41
2
195
5
8.1590451
52.9310966
77
2
196
5
7.8432847
53.1984387
19
2
203
5
7.6887616
52.9811204
41
2
207
6
7.4761525
53.071634
30
2
210
6
7.60615
52.9742297
66
2
215
6
7.5701191
52.8466838
76
2
223
6
7.6086872
53.1811424
46
2
231
6
7.5290354
52.9208987
57
2
238
6
8.063027
53.312409
4
2
249
4
7.7211152
53.175179
20
2
0
1
8.1993856
52.9035278
91
1
7
1
8.1657407
52.9936431
9
1
8
1
7.6128317
53.173734
96
1
9
1
8.3702046
53.3899208
64
1
15
1
8.0146804
53.0872938
59
1
17
1
8.1341319
52.8721412
66
1
20
1
8.1816374
52.9194786
19
1
25
1
8.2703729
52.9043186
24
1
43
2
8.3292792
52.8767072
29
1
50
2
8.1727146
52.9489366
52
1
51
2
8.2222529
52.7866014
36
1
55
2
7.461897
53.2869789
25
1
58
2
7.550565
53.1966822
63
1
66
2
7.7376339
52.9151945
73
1
67
2
8.169046
53.2347901
9
1
73
2
8.3492641
53.0080094
23
1
78
2
7.5588903
52.7824315
2
1
81
2
8.159889
53.1816258
47
1
84
3
7.6330619
52.9912513
67
1
90
3
7.4917147
53.2272401
92
1
94
3
7.5760825
53.2772997
2
1
98
3
7.8617324
53.3218041
56
1
101
3
8.196492
52.790267
14
1
105
3
7.7675642
53.359276
87
1
117
3
8.2594911
53.3584415
39
1
122
3
7.4661023
52.8719646
30
1
136
4
8.341246
53.0825717
76
1
137
4
8.1475596
53.3018641
18
1
151
4
7.7935343
53.0355163
89
1
152
4
7.6696113
53.1289118
70
1
157
4
8.1169985
53.1612784
14
1
158
4
8.0069303
53.1974482
91
1
160
4
7.4553114
52.8918298
77
1
161
4
8.1273783
53.3659788
74
1
165
5
7.6053973
52.8875967
21
1
170
5
8.3682328
52.836583
62
1
174
5
8.2259641
53.2552912
84
1
185
5
8.0077835
52.86874
60
1
186
5
7.7471682
52.9758571
20
1
190
5
8.4208144
53.3746055
11
1
191
5
8.0466937
53.266584
61
1
204
5
8.2461788
53.0118599
77
1
206
6
7.7806633
52.795909
2
1
211
6
8.1175923
52.826817
12
1
229
6
7.6191031
53.0587363
66
1
234
6
8.2706728
53.2526986
73
1
239
6
7.7936018
53.0727137
44
1
240
6
8.280581
53.0909003
21
1
243
6
8.424509
53.3488459
14
1
245
6
7.8304852
53.171574
38
1
1
1
7.7663262
52.9578981
40
8
4
1
7.8766426
52.9882265
34
8
5
1
8.1280322
53.38916
59
8
10
1
8.1630168
53.3501379
84
8
11
1
7.765826
52.9045186
52
8
12
1
7.9506096
52.847094
15
8
13
1
7.6555698
53.0621024
49
8
18
1
8.1361863
53.2737757
33
8
23
1
8.4464152
53.1900325
27
8
24
1
7.8141944
53.3535652
45
8
29
1
8.1809977
53.2894346
5
8
34
1
8.0604781
53.3449019
6
8
36
1
7.8496807
52.8806158
48
8
38
1
7.8516202
52.8212696
70
8
39
1
8.2127819
53.3829553
20
8
41
2
8.2945315
52.8959533
47
8
45
2
8.2288062
53.3190635
30
8
46
2
8.2417441
53.3493617
84
8
47
2
7.8099567
53.2954169
68
8
48
2
7.8051144
52.9939276
94
8
52
2
7.808331
53.3351027
24
8
54
2
7.8133172
53.154939
64
8
59
2
7.7114597
53.1433479
27
8
60
2
7.6408419
52.9692892
94
8
62
2
7.5204623
53.2173426
85
8
65
2
8.4496876
52.8217891
33
8
68
2
8.1372349
52.8549619
57
8
70
2
7.5245485
52.9347613
52
8
72
2
8.0667866
53.2934529
74
8
74
2
8.3082144
52.8262404
92
8
75
2
7.6112421
52.884487
8
8
76
2
8.2645934
53.0825168
57
8
77
2
8.0714903
53.0471463
76
8
87
3
8.3172301
52.7867786
50
8
89
3
8.2167317
53.2644768
49
8
91
3
7.6815989
52.9847769
28
8
92
3
7.6181553
52.8002047
2
8
93
3
7.8978639
52.8063429
6
8
95
3
7.9716459
53.073888
75
8
97
3
7.9621649
52.8799841
79
8
100
3
7.5472366
53.2437371
84
8
102
3
8.3368933
53.2966355
70
8
104
3
7.7668181
53.2343383
34
8
106
3
8.4371629
53.3322324
67
8
110
3
8.3609258
53.140722
26
8
111
3
7.9058164
53.2565563
2
8
112
3
8.2051894
52.8830816
62
8
115
3
8.3992947
53.2500568
2
8
119
3
8.0868813
53.1163107
40
8
120
3
7.7933191
53.060557
98
8
124
4
7.5678964
53.0156121
25
8
125
4
7.9537938
53.3029908
83
8
134
4
8.1061981
52.8441893
22
8
135
4
8.0467224
53.2483503
90
8
139
4
8.1006904
53.3294612
64
8
140
4
7.7823584
53.1236019
46
8
142
4
8.1081429
53.2325757
40
8
143
4
8.055421
53.2505355
37
8
146
4
7.6649645
52.8006132
74
8
149
4
8.1901309
53.312155
57
8
150
4
7.8690888
53.1069008
54
8
154
4
8.2585652
53.2917943
5
8
163
4
7.7329456
52.817411
65
8
164
5
7.7845217
53.3374537
51
8
166
5
7.8000265
53.0603592
22
8
167
5
7.9991082
52.8780067
35
8
168
5
7.8928006
53.0751954
41
8
171
5
7.4374881
53.2987313
80
8
175
5
8.4055717
52.8387575
49
8
176
5
7.9248992
53.0669844
8
8
180
5
8.011534
52.8197019
48
8
182
5
8.2417919
53.1133211
100
8
183
5
8.2112114
53.241957
37
8
184
5
8.0887447
52.9201277
54
8
187
5
8.3683079
52.9286256
47
8
188
5
8.384769
52.9741019
28
8
192
5
8.4599912
53.1652446
26
8
193
5
7.7381891
52.9153834
41
8
194
5
8.1824881
53.1203884
20
8
197
5
8.2207541
53.3828785
86
8
199
5
8.3544132
52.7888494
76
8
200
5
7.751353
53.2952184
27
8
201
5
7.9310849
52.9571672
63
8
202
5
8.3379226
53.1275804
74
8
208
6
7.5416046
53.0397322
57
8
212
6
8.3627266
53.0339524
83
8
213
6
8.0384882
53.2307852
13
8
217
6
7.9393726
53.1790778
82
8
218
6
8.3888058
52.9964175
3
8
219
6
7.9500605
53.3722844
89
8
220
6
7.7844663
53.2079967
47
8
225
6
7.7521566
52.902339
14
8
226
6
8.1878644
53.0258252
50
8
227
6
8.23282
53.2665984
4
8
228
6
8.1668242
53.1081209
96
8
230
6
7.8030814
53.2605263
50
8
232
6
7.5420356
53.1595408
75
8
237
6
7.801415
52.948203
5
8
241
6
7.7655875
53.1291719
49
8
242
6
8.0794594
53.1656477
86
8
246
1
8.3445573
52.8763309
58
8
247
2
8.3558255
53.3005016
12
8
