9
1
8.109305
52.949614
57
7
13
1
7.5036452
52.7942488
74
7
24
1
8.3261854
53.3194233
9
7
42
2
7.6562162
53.303264
36
7
45
2
7.873749
52.9561414
74
7
49
2
8.4045233
52.8826002
76
7
59
2
8.0994033
53.0416614
13
7
63
2
7.6050487
53.1465819
36
7
71
2
7.803499
53.2123429
69
7
82
3
8.0747394
52.8077891
50
7
90
3
8.1932606
52.9788985
68
7
119
3
8.102955
53.158202
39
7
123
4
7.9840299
52.9107895
52
7
135
4
7.9313403
52.8063346
61
7
144
4
7.6062225
53.3840922
9
7
148
4
8.3719078
53.3678956
71
7
156
4
8.3872742
52.9719592
81
7
174
5
8.1480336
53.1197845
70
7
231
6
7.432923
53.2967656
54
7
244
6
8.36055
53.3211394
56
7
246
1
8.2221748
53.0216462
82
7
247
2
7.6118535
53.3034919
9
7
26
1
7.8869436
53.0762131
61
6
34
1
8.2514849
53.2976243
88
6
43
2
8.2879268
52.8921789
90
6
44
2
7.6342618
52.8974576
50
6
53
2
7.7077951
53.1280592
96
6
56
2
8.2121916
53.2493405
3
6
58
2
7.6475885
52.9924897
28
6
60
2
8.2811585
52.9750761
76
6
72
2
8.3185063
52.9128412
68
6
73
2
8.4089158
53.3053021
47
6
74
2
8.291072
53.1452551
93
6
79
2
7.5379675
53.1313957
80
6
105
3
7.6569473
52.9679325
18
6
106
3
8.2186787
52.7940838
36
6
131
4
8.174831
53.2079211
4
6
166
5
8.3559471
53.042105
52
6
169
5
7.5337212
52.9525552
40
6
177
5
8.2785518
53.1871667
59
6
219
6
7.5721304
52.8669129
55
6
234
6
8.28069
53.1763385
60
6
242
6
8.2686195
53.331836
33
6
28
1
8.3449612
53.172968
91
5
29
1
8.0321519
52.7803231
47
5
38
1
7.5176235
52.9057086
86
5
70
2
8.0766463
53.1038047
51
5
77
2
7.9039795
53.1078087
16
5
134
4
7.6249864
52.9353528
38
5
138
4
7.9533649
53.0986338
34
5
146
4
8.1309082
52.8497833
45
5
151
4
8.4558905
53.1394144
40
5
160
4
8.1031145
53.0297433
75
5
162
4
7.5899799
53.1834104
51
5
163
4
8.0566671
53.3151253
71
5
172
5
8.3070575
53.2405631
94
5
176
5
7.6301988
52.8814743
32
5
204
5
8.1459069
53.2834378
9
5
206
6
7.981221
53.2131841
24
5
207
6
7.770009
53.265134
96
5
209
6
8.1210613
53.2711325
17
5
211
6
7.9119428
52.9531048
28
5
221
6
7.5003036
53.2117048
79
5
225
6
7.7078127
52.8838167
56
5
230
6
7.5079774
52.8939005
88
5
232
6
8.032703
52.9096866
21
5
239
6
8.0443891
52.7889861
76
5
248
3
7.7724904
53.3308926
1
5
0
1
7.7427969
52.971208
81
4
16
1
8.3105827
53.187705
5
4
17
1
7.5426882
52.9858273
78
4
18
1
7.8849621
53.1088153
13
4
32
1
8.0381381
53.291712
55
4
36
1
8.2686651
52.9978388
87
4
66
2
7.7680649
53.0266738
37
4
89
3
7.9968983
52.9809673
78
4
94
3
8.4192037
52.9303484
22
4
107
3
8.0270059
53.131694
47
4
108
3
7.9430493
53.2124354
47
4
118
3
7.4503511
53.3450033
15
4
127
4
7.9514099
53.2893445
43
4
129
4
8.3002062
52.7981427
64
4
140
4
8.0602035
53.0150193
65
4
147
4
7.9101192
53.2654253
41
4
153
4
7.4824036
52.8364204
44
4
159
4
7.8231797
53.2664845
82
4
168
5
8.1811938
52.8384352
2
4
173
5
7.9323111
53.170085
32
4
175
5
8.3365784
53.1672096
100
4
188
5
8.368714
53.0343658
68
4
189
5
7.9966316
53.1306109
46
4
198
5
7.8847866
52.8281019
47
4
201
5
7.9631157
53.1504593
71
4
202
5
7.5135775
52.8377968
95
4
215
6
8.3466273
52.7821484
53
4
224
6
8.054727
52.8481126
14
4
2
1
8.3599624
53.0428326
95
3
3
1
7.7733081
52.8750341
40
3
5
1
8.2378157
53.1137416
88
3
7
1
8.0890234
52.9610398
84
3
27
1
8.1057642
53.024859
56
3
50
2
7.7799502
53.0780546
57
3
65
2
7.6832179
52.8000837
68
3
78
2
8.3358992
53.1646344
44
3
84
3
8.3132971
52.8849052
32
3
87
3
7.7451873
52.9583313
20
3
91
3
7.9223733
53.0897548
70
3
95
3
8.3254385
52.960984
77
3
103
3
7.5518927
52.9470358
55
3
111
3
7.5114001
53.1361363
2
3
115
3
7.7476443
53.0634964
63
3
120
3
8.1848297
52.7845043
29
3
139
4
7.974173
52.8055408
59
3
142
4
7.9454393
52.8141695
74
3
152
4
7.6004113
53.2856549
71
3
180
5
8.2973327
52.7828027
85
3
183
5
7.497697
53.3338196
99
3
213
6
8.0161651
53.1392337
32
3
216
6
8.341582
53.2705375
42
3
14
1
7.8326038
53.2857214
70
2
15
1
8.2939052
52.8809019
61
2
21
1
7.8394809
52.9898342
33
2
33
1
8.2878322
52.9915354
72
2
46
2
7.798909
52.9118754
40
2
51
2
7.6111491
53.1583166
14
2
75
2
7.8327499
53.1564238
70
2
80
2
8.1137524
52.8750973
88
2
92
3
8.1829017
53.1543211
85
2
96
3
7.6056244
52.9466147
8
2
97
3
8.0376128
53.316682
11
2
100
3
7.8287334
53.3546495
26
2
114
3
8.2608054
53.3662201
65
2
121
3
8.4515584
53.0485379
13
2
122
3
7.5365529
52.9797842
64
2
126
4
7.922569
53.2470816
40
2
132
4
8.3283847
53.342741
89
2
137
4
7.8308216
52.9980815
97
2
141
4
7.9170489
53.1942087
5
2
164
5
8.3302045
53.3088028
81
2
179
5
7.838252
52.93378
62
2
208
6
7.585445
52.7929243
23
2
233
6
7.8441579
52.9326399
87
2
235
6
8.4218332
53.3689745
21
2
20
1
7.5737404
53.245148
86
1
23
1
8.0733555
53.3611961
43
1
35
1
8.1338186
52.9750796
94
1
61
2
8.0753084
53.011089
32
1
68
2
8.1844033
53.2117494
97
1
81
2
8.1349817
53.0768969
78
1
83
3
8.4398675
53.2572362
40
1
98
3
8.3415455
53.0094974
70
1
112
3
8.2154677
52.866196
97
1
113
3
7.4570707
53.2989117
30
1
145
4
7.7786036
52.8210024
96
1
149
4
7.8999833
53.3137789
7
1
157
4
7.7099369
53.089203
28
1
165
5
7.7122878
52.9545971
61
1
167
5
7.9759791
52.9363091
49
1
184
5
7.5750663
53.1711878
6
1
195
5
7.9917738
52.9004174
31
1
197
5
7.6097113
53.0374246
42
1
200
5
7.7297188
53.299924
52
1
203
5
7.8237086
52.9924127
99
1
210
6
8.1490518
52.8541476
69
1
223
6
7.8829146
53.0027152
83
1
240
6
7.8793643
52.9839301
87
1
243
6
8.0893629
52.8296051
10
1
1
1
8.2306552
53.3127637
72
8
4
1
7.9579452
52.8231319
75
8
6
1
7.4488224
53.1120777
64
8
8
1
8.3686648
52.85373
13
8
10
1
7.9525721
52.7906739
82
8
11
1
7.8695615
53.0732661
38
8
12
1
7.5916755
53.0256053
20
8
19
1
7.8527636
53.3545091
4
8
22
1
8.1622357
52.8966736
91
8
25
1
8.0638011
53.1497322
81
8
30
1
8.0253013
53.367283
58
8
31
1
8.4581637
53.1002648
3
8
37
1
7.4824751
53.1795418
95
8
39
1
8.0573156
52.9168938
94
8
40
1
8.1181224
53.3659192
92
8
41
2
7.6129095
52.9378211
73
8
47
2
7.746948
53.1329315
62
8
48
2
8.2721757
53.0432682
38
8
52
2
7.6335372
52.8084162
45
8
54
2
8.4312772
53.1199989
14
8
55
2
8.1598205
53.158265
96
8
57
2
7.7655364
53.1485275
91
8
62
2
8.2127976
52.9472426
50
8
64
2
7.4655992
53.2120419
81
8
67
2
7.4645235
53.0418586
2
8
69
2
7.5093523
53.2680402
16
8
76
2
7.6831404
52.8063063
33
8
85
3
8.3979214
52.8214682
82
8
86
3
8.2300208
53.378208
16
8
88
3
8.4192871
52.7910342
53
8
93
3
7.4639668
53.1224284
63
8
99
3
8.3568751
53.237867
40
8
101
3
7.8595008
53.2993279
4
8
102
3
7.7052445
53.0024824
55
8
104
3
8.4325761
53.0810838
83
8
109
3
8.389701
53.0439234
94
8
110
3
8.3501162
52.9707367
82
8
116
3
7.761896
53.2047198
57
8
117
3
7.6880822
53.3212718
36
8
124
4
7.7799358
53.1919955
46
8
125
4
8.2512988
53.3034489
45
8
128
4
7.5409343
53.2558204
3
8
130
4
7.9506139
53.3342919
31
8
133
4
8.3980762
53.1401057
17
8
136
4
8.1131617
53.2045773
52
8
143
4
7.9304515
53.2010804
38
8
150
4
8.4123612
53.1249752
6
8
154
4
8.0824825
52.7910544
12
8
155
4
8.2216434
53.3318655
31
8
158
4
7.7127853
53.086969
96
8
161
4
8.1589598
53.1706799
75
8
170
5
7.8187571
53.0696993
40
8
171
5
7.9855818
53.3043118
71
8
178
5
7.6220857
53.1277826
15
8
181
5
8.090676
52.8302401
94
8
182
5
7.6809411
52.8150665
64
8
185
5
7.9070909
53.2107273
11
8
186
5
8.1389249
53.3124922
43
8
187
5
7.8502018
53.1510225
10
8
190
5
7.7434358
52.8520955
96
8
191
5
7.9420779
52.9622481
33
8
192
5
7.9706489
53.2400876
20
8
193
5
7.9141128
53.1275137
95
8
194
5
7.5587991
52.9290346
85
8
196
5
7.9570287
53.0996381
57
8
199
5
8.4483045
53.3708338
40
8
205
6
7.4872201
53.2588726
88
8
212
6
8.0959483
53.3617174
36
8
214
6
8.1683545
53.320311
96
8
217
6
7.6519171
53.1956272
79
8
218
6
7.7733794
53.2106911
84
8
220
6
7.7929082
53.3414344
67
8
222
6
7.944015
53.1214053
78
8
226
6
8.2879543
53.3889964
54
8
227
6
8.294975
53.2236404
96
8
228
6
7.8796282
52.8451272
71
8
229
6
7.7710288
53.21069
42
8
236
6
7.8170812
52.9675493
82
8
237
6
7.7992167
53.2278628
65
8
238
6
8.0589535
53.3423796
71
8
241
6
7.8879221
53.0115672
29
8
245
6
7.7383622
52.9346277
63
8
249
4
7.6254512
53.2188498
30
8
