4
1
7.9260439
52.9910766
50
7
14
1
8.0343261
53.2911585
57
7
19
1
8.2840085
53.2312677
7
7
21
1
8.1837522
53.0186185
60
7
22
1
8.0094246
52.9982626
1
7
36
1
7.4449129
53.0759196
61
7
49
2
7.6033716
52.7862054
15
7
50
2
7.5259546
52.8170987
23
7
55
2
8.3558667
53.3081858
64
7
56
2
7.481834
52.8643244
47
7
58
2
7.8672132
52.8006632
70
7
64
2
7.6982863
53.1764727
30
7
67
2
7.6158011
53.3600015
91
7
75
2
7.5872254
52.9165102
23
7
82
3
8.3235465
53.002605
22
7
93
3
8.3303157
53.2318448
84
7
97
3
7.6246418
53.2513804
26
7
104
3
7.6924242
52.8145033
10
7
114
3
7.6341265
53.0465301
18
7
127
4
7.7318146
53.0331101
86
7
129
4
8.0809326
53.3709409
80
7
130
4
7.5779392
53.3087184
19
7
131
4
8.2291882
53.2897351
68
7
134
4
7.4659945
53.2718425
68
7
137
4
7.6998213
53.370672
86
7
138
4
8.3877242
52.8600948
71
7
142
4
8.2724845
53.1955142
37
7
144
4
7.4308647
52.9966222
74
7
146
4
8.1690424
53.1040317
2
7
150
4
8.298306
53.3168766
49
7
154
4
8.4046985
53.3328686
12
7
157
4
8.3072587
52.8463168
8
7
159
4
7.5674129
53.1449568
61
7
161
4
7.6158434
53.2720087
82
7
165
5
7.4778941
53.3277414
84
7
166
5
8.1412323
52.9283559
10
7
173
5
7.5240092
53.1371964
82
7
176
5
8.2933697
52.999512
94
7
180
5
7.6524926
52.9500353
19
7
181
5
8.2105735
53.3175612
30
7
182
5
7.978534
53.332616
63
7
185
5
8.2758807
53.1004976
66
7
186
5
8.3374076
53.3224434
45
7
194
5
8.1949899
53.1639341
8
7
199
5
8.4229009
53.2980804
35
7
216
6
7.7025921
53.2271271
13
7
224
6
7.8219424
52.9253629
58
7
225
6
8.2764439
52.8043165
63
7
237
6
7.46303
53.0030875
44
7
241
6
8.3711806
53.0698252
65
7
248
3
7.4504655
53.1757845
66
7
5
1
7.8931386
53.1765759
86
6
18
1
8.2532505
53.3288927
2
6
24
1
8.3748987
53.021691
93
6
26
1
8.1938557
52.9467748
69
6
28
1
7.7098666
53.2214666
59
6
32
1
8.3781149
53.1671277
35
6
52
2
8.4138188
53.1035656
50
6
70
2
8.4504648
52.8186985
46
6
72
2
7.4744887
52.9034983
50
6
76
2
7.8506344
52.9973379
61
6
78
2
7.4856321
53.3476381
24
6
84
3
7.8552695
53.357796
55
6
87
3
8.2536971
53.0127687
69
6
92
3
7.6407127
53.2885936
44
6
94
3
7.92805
53.1326769
60
6
96
3
7.6944336
53.2808963
36
6
99
3
7.5067175
52.902289
83
6
108
3
7.8712285
53.1551002
15
6
110
3
7.8101628
53.32913
7
6
116
3
8.3979663
52.9785946
83
6
119
3
7.8391526
52.9758389
75
6
120
3
7.9930941
53.2861221
67
6
140
4
8.1568092
52.7834452
85
6
148
4
8.3778775
52.807323
96
6
153
4
8.3594314
53.3102916
16
6
155
4
7.4736535
53.3879005
63
6
156
4
8.1161954
53.1447828
18
6
168
5
8.1409105
53.1941521
80
6
170
5
7.7995648
52.8337928
54
6
172
5
8.390217
53.3383366
36
6
191
5
7.6018793
53.3647891
54
6
193
5
7.7959871
53.2616568
63
6
195
5
7.8098274
53.3454489
88
6
197
5
7.9395042
53.267697
93
6
198
5
7.8919918
52.7968815
90
6
204
5
7.7435858
53.2907858
85
6
205
6
8.3731662
52.7841208
87
6
208
6
8.1830761
53.0232768
13
6
213
6
8.0458469
53.1348223
67
6
218
6
7.8387265
52.9275003
42
6
219
6
8.3695461
52.9222776
69
6
226
6
8.0031415
53.1990907
46
6
228
6
8.1531542
52.7940953
14
6
231
6
7.9872392
52.9975321
44
6
238
6
8.1558861
52.8996583
75
6
0
1
7.6523762
53.3314315
89
5
2
1
7.9506693
53.2919306
97
5
8
1
8.3496037
52.881117
52
5
11
1
8.0548427
53.3860911
3
5
12
1
8.2909842
52.8441005
73
5
15
1
7.880802
53.1258394
75
5
20
1
7.7002303
52.8023673
93
5
25
1
7.9182975
53.3684657
92
5
34
1
7.5366581
53.3682489
23
5
43
2
8.1069841
52.7839112
62
5
44
2
7.6062866
53.0491991
7
5
61
2
8.4219875
53.1166954
51
5
63
2
8.4300687
52.8534062
42
5
65
2
8.025114
53.335137
46
5
66
2
7.9311986
53.0219327
97
5
69
2
8.2237068
52.8601263
24
5
79
2
7.7081231
52.960908
61
5
80
2
7.7795352
53.2565402
7
5
89
3
7.7478
52.9727523
84
5
98
3
8.0283724
53.2186493
70
5
100
3
8.1720458
53.1431619
93
5
103
3
8.0492646
53.3530894
69
5
117
3
7.5299497
52.8822206
87
5
123
4
7.5966989
53.3137498
88
5
124
4
7.7598975
53.2350239
59
5
126
4
7.89491
52.9251909
38
5
128
4
7.7267617
53.1839655
21
5
132
4
7.9392495
53.3892814
93
5
133
4
8.1799817
52.8456625
27
5
135
4
7.696453
53.2057593
27
5
136
4
7.7461553
52.8203444
5
5
139
4
8.307301
53.1548327
14
5
151
4
7.5510082
52.9168306
84
5
158
4
7.6794307
53.2489376
25
5
163
4
7.4911629
52.8679144
71
5
164
5
7.5213002
52.9677968
8
5
167
5
7.653051
53.3761808
73
5
169
5
8.1914773
52.8794408
79
5
171
5
7.8751457
52.9746616
63
5
174
5
7.7905769
52.8209264
12
5
187
5
8.1850632
53.0174996
58
5
189
5
7.521645
53.3227659
5
5
192
5
8.0601039
52.929917
37
5
196
5
8.1409232
52.8489193
99
5
202
5
8.4019351
53.3612791
58
5
207
6
7.5674915
53.3472899
26
5
211
6
7.8558816
53.2339472
47
5
214
6
8.0458556
53.1775633
79
5
222
6
8.2422842
53.1146182
74
5
232
6
8.3817577
53.2115105
58
5
234
6
8.0054045
53.17976
79
5
242
6
7.5388432
53.1743158
23
5
247
2
7.7249435
53.0341242
34
5
6
1
7.9270542
52.8863483
52
4
7
1
7.5321176
52.9634389
67
4
9
1
7.5071696
52.8260881
69
4
13
1
8.3008813
53.0916643
50
4
27
1
8.2236523
52.8195622
44
4
30
1
7.4644326
52.938105
67
4
31
1
7.4609155
52.8848657
46
4
37
1
7.4948642
53.0703663
15
4
38
1
8.3923763
52.9608649
91
4
39
1
7.518358
53.2861092
44
4
40
1
7.4910611
53.2581221
92
4
42
2
7.691627
53.2015075
98
4
48
2
8.3764236
53.0504655
39
4
51
2
8.3878569
53.3488862
80
4
53
2
8.250491
53.0070101
74
4
54
2
8.2902472
52.956086
55
4
57
2
7.739469
52.784269
58
4
59
2
8.0929318
52.7800532
68
4
60
2
7.7738231
53.2813318
84
4
74
2
7.967843
53.0131871
64
4
81
2
8.3406407
52.8622038
46
4
90
3
7.7183732
53.1085609
92
4
95
3
8.1316666
53.2177682
61
4
101
3
8.1473099
53.0913027
68
4
105
3
8.2984257
53.0622697
50
4
107
3
7.7883968
53.1624416
24
4
109
3
8.0023579
53.3542002
20
4
111
3
8.1133873
52.8468968
20
4
112
3
8.458651
52.8833743
55
4
113
3
8.3038694
53.0553194
74
4
125
4
7.5565144
53.3671831
33
4
143
4
7.5019496
52.8404941
94
4
145
4
7.605513
52.9552373
59
4
147
4
8.0727449
53.3497904
90
4
162
4
8.2508558
52.8793385
41
4
175
5
8.2301135
52.9709111
48
4
178
5
8.1885186
53.1718606
30
4
183
5
7.9966366
53.019631
5
4
190
5
7.765113
52.8970878
15
4
206
6
7.4505122
52.8302908
20
4
210
6
8.2821517
53.0854094
28
4
212
6
7.8871568
52.9116104
6
4
220
6
8.015626
52.9031148
46
4
230
6
8.1453122
53.0375359
5
4
233
6
8.2697292
52.8664313
59
4
235
6
8.1870362
53.1815977
51
4
236
6
8.1561836
53.2285663
78
4
240
6
7.4849826
53.0089018
8
4
243
6
8.3149158
53.1743128
38
4
244
6
7.5589902
52.8715089
56
4
245
6
7.6437785
52.9534717
20
4
246
1
7.600702
52.8383793
14
4
1
1
8.3996855
53.1546331
62
8
3
1
7.4598312
53.371885
19
8
10
1
7.9308384
53.241713
10
8
16
1
8.0628592
52.9050501
69
8
17
1
8.2755629
53.2199221
84
8
23
1
7.630877
52.9929988
61
8
29
1
8.081244
53.3293573
21
8
33
1
7.6104613
52.8273125
64
8
35
1
8.240594
53.0377957
49
8
41
2
7.867938
53.176432
87
8
45
2
7.9592538
52.9813102
52
8
46
2
8.2577854
53.3872932
52
8
47
2
7.8626031
52.9289252
90
8
62
2
7.7448943
52.8459541
43
8
68
2
7.9142886
53.0326959
63
8
71
2
7.8076423
53.0353957
7
8
73
2
7.6818384
52.7891719
91
8
77
2
8.2111692
52.9753271
49
8
83
3
8.4589965
52.8156094
40
8
85
3
7.9932066
52.8123462
28
8
86
3
8.442208
53.0055536
65
8
88
3
7.537106
52.9774615
34
8
91
3
7.8826545
52.9597106
58
8
102
3
8.3081846
53.2586566
44
8
106
3
8.4077069
53.0537919
22
8
115
3
7.4363602
53.0766328
9
8
118
3
7.5717786
52.8839572
88
8
121
3
8.2737776
53.0671359
87
8
122
3
8.1547658
53.3588311
78
8
141
4
7.9025307
52.987794
31
8
149
4
8.2998815
52.9072944
6
8
152
4
8.0853573
52.8249133
93
8
160
4
8.4296263
52.9916124
44
8
177
5
7.7675909
52.9485631
22
8
179
5
7.6589969
52.845053
86
8
184
5
7.9437143
53.0084553
83
8
188
5
8.0445684
53.2177241
53
8
200
5
8.3782458
52.8216938
48
8
201
5
8.3880284
52.9249504
41
8
203
5
8.3999496
53.2471055
59
8
209
6
7.797638
53.0992168
22
8
215
6
8.4013904
53.3769165
22
8
217
6
8.2259269
52.8985542
18
8
221
6
8.2164224
53.110752
82
8
223
6
8.280451
52.9863357
4
8
227
6
7.4356644
52.8932686
20
8
229
6
7.4690531
53.2694025
93
8
239
6
7.5750143
52.9321476
10
8
249
4
8.3816098
53.1596494
13
8
