7
1
7.5200226
53.056783
93
3
8
2
8.308752
53.0314728
34
3
10
2
7.5052066
53.0458824
59
3
17
3
7.4350755
53.3020955
17
3
24
4
8.3090167
53.2472557
38
3
36
5
7.7112075
52.8705993
76
3
37
5
7.4661955
53.2909423
9
3
38
5
7.4434514
52.8498585
49
3
44
6
7.8435449
53.1372937
19
3
47
6
7.9308734
53.2678017
41
3
48
1
7.6282194
52.7867821
92
3
19
3
7.8644472
52.985012
60
2
25
4
7.8677665
53.3289767
58
2
27
4
7.7722121
53.3339801
97
2
28
4
7.5992763
53.3068511
62
2
29
4
8.4173574
53.0383483
39
2
32
5
8.3502259
53.2224021
50
2
35
5
7.6221266
53.0651455
94
2
42
6
7.5765742
53.3873711
13
2
46
6
7.978025
53.1615255
14
2
49
2
8.3946906
53.1231912
4
2
0
1
7.4893468
52.8621724
76
1
2
1
7.7928041
53.2280368
37
1
5
1
8.2060639
53.2171131
17
1
6
1
7.9982745
52.9026839
13
1
12
2
8.1504569
52.9567607
93
1
15
2
7.5380138
53.3629418
75
1
18
3
7.8751234
52.8950669
38
1
21
3
7.8540076
53.2424987
7
1
31
4
7.7137364
52.9676381
54
1
34
5
7.9341353
53.1621897
98
1
43
6
7.608085
53.0561081
60
1
1
1
7.8166945
53.2516087
13
8
3
1
8.0819436
53.0568434
16
8
4
1
7.8050691
53.3747386
51
8
9
2
8.1700406
53.3184503
74
8
11
2
8.3285833
53.2861917
88
8
13
2
8.2023365
53.1525537
10
8
14
2
7.4511306
53.3017327
45
8
16
3
8.0313912
53.1671564
15
8
20
3
7.589758
52.997885
82
8
22
3
7.5624328
52.8926156
61
8
23
3
7.4411294
53.1656165
32
8
26
4
7.9571964
53.1286697
50
8
30
4
7.5173692
53.1310795
15
8
33
5
8.2709195
53.0001701
54
8
39
5
7.4477221
53.0477016
4
8
40
6
8.4509331
53.3688956
41
8
41
6
8.1967029
52.9871665
18
8
45
6
7.5495236
53.2183371
56
8
